2350750 2
6572500 2
12008000 6
8555500 2
425500 2
4853750 4
8430000 2
4256500 4
9039750 2
4115500 3
12215000 7
591750 2
3404000 2
5256500 7
7367000 7
4956000 2
7927750 6
7886000 2
9982500 6
4606000 2
145750 1
10443000 7
1710500 5
9706000 7
3913250 7
11751000 2
9351750 5
6874250 7
5292000 6
1194750 7
5108000 7
1617250 7
4054000 1
567250 2
12371000 7
6867750 2
1319000 5
1832000 3
3188000 5
980000 2
3249250 2
6099250 7
2050000 7
11772000 2
10533750 7
10915250 2
6458000 1
4557250 2
405000 2
7116750 2
1815750 2
3031750 7
5170500 6
11111500 1
6996000 2
7016500 1
3335000 2
6264750 2
9202750 2
10302500 2
3114000 7
452750 7
9716500 4
8163500 2
8869250 2
6126750 5
8909750 7
1579250 6
764750 2
2910750 2
8156500 7
3245250 2
4423500 2
2253250 2
10654750 1
6766250 7
11632250 5
5034000 2
8845250 7
154750 2
11493000 7
9079500 7
8730250 2
65500 7
232000 6
832250 6
10054250 7
4503500 7
10619000 2
11142000 3
5220750 7
12204750 6
10521000 7
1561250 7
5812000 7
12065000 2
190500 1
3977750 4
10401500 7
4814750 2
11307500 6
3588500 6
282500 5
10885750 2
887500 2
10322250 4
3148500 7
11169500 6
10598500 7
3075000 2
4102750 2
848500 7
3293750 6
341000 2
267250 6
6654750 2
5957500 2
4475750 7
7190750 6
7445000 3
12231250 3
1441500 2
9842500 7
7320250 2
3009000 7
2331750 7
4907500 7
4680000 2
4454500 7
2251750 2
382250 2
5952250 7
239250 4
4804500 2
9044750 2
10696000 4
5199750 2
3952000 7
2756000 2
140500 7
11496750 2
7600250 7
6433000 2
2704750 1
6515500 2
7568750 3
528250 7
3226500 1
6334000 1
1189000 6
4378500 2
7211250 1
5754500 7
7810250 4
7513250 2
3520000 7
4852000 2
5027500 2
1517000 7
8622000 2
3396250 2
8353250 7
8123500 1
573000 7
8910750 7
299750 4
1969000 6
5011500 7
4035250 2
12275500 3
3795000 6
8528750 2
5354000 1
4376250 7
4304250 7
1531250 6
10018000 2
2103250 7
5279750 6
5828250 2
6233750 5
11761750 2
6205000 2
9069000 7
2797750 2
9794000 2
8040000 7
6266000 2
5059000 2
4097500 2
2626250 2
9685000 3
11225500 2
4370750 3
8523250 3
847750 6
9244000 1
8102000 4
1792000 7
6412750 7
9463750 2
9076750 2
11352000 2
1782250 7
11782250 2
4852500 2
1074500 3
6354500 2
11874000 7
7218000 7
11022500 2
11579750 7
10790500 1
3089500 1
5248750 7
5608250 2
10831750 2
2768250 1
8701250 1
7921500 2
3344750 7
11601500 2
1699500 6
9802000 7
11321750 7
5780000 7
11701500 7
6897000 4
3981750 6
9344000 2
854250 2
3326250 7
8702500 7
1324500 7
8017000 7
4994000 2
10566000 2
7797000 2
5336750 4
3282250 4
981000 7
4336750 2
10064500 7
1244250 7
2737250 2
6458250 5
6998500 2
11535250 5
7163250 7
6172000 2
1525000 4
4844000 5
1492500 3
3035250 4
731750 7
5898500 3
11957000 7
5082750 2
10628500 7
11391250 5
2088000 4
7687500 7
5024500 7
6754250 2
2200750 3
7854500 7
4087750 2
317500 2
1446250 6
11646500 2
9782000 7
5491500 7
6014750 2
2316250 7
4850000 5
4153000 7
11339250 1
620500 6
7306250 5
11137750 7
4037500 1
3895750 4
5082500 2
6768000 2
1904750 3
2808500 2
364250 1
10000250 7
200250 7
2852250 4
650750 2
10976250 2
6700250 4
6380000 2
12386500 1
3549000 1
10773000 7
11131750 3
12028500 7
11847750 2
805750 2
1530250 1
5254500 7
1838000 2
9807250 2
4186500 2
1140750 7
7103000 7
3903500 5
3963750 7
6683250 2
5693000 1
11114000 2
1758250 5
6358500 1
11730000 7
12061000 2
1909250 7
5910250 2
10592000 4
3054250 7
1381000 7
6400000 7
3719250 4
10972250 1
1971500 7
10653250 7
7435500 1
6603750 2
691500 7
5264500 2
38250 7
2771250 3
9288000 3
9103250 2
1247000 1
3684750 2
3317500 1
9972250 3
2870250 7
8997500 2
7323750 2
3573750 6
8324500 3
7361250 2
5968250 7
380000 7
418500 2
1793250 3
2921750 4
434750 7
5847500 4
5522250 2
8060000 4
5139250 2
5654000 7
3592750 2
8792750 2
4895250 7
11590500 2
3405000 2
2378500 7
10047250 4
4712250 5
6150750 7
3581250 7
10112000 1
2874500 6
2232500 7
4967250 1
11046750 1
9123500 7
4047000 7
11434750 7
5906250 2
10212500 3
10845500 2
3216500 7
2788750 7
1206500 1
9015000 2
5846250 2
1104500 3
3266750 1
5187750 2
1063000 7
4876750 6
4809000 1
12016750 4
5121750 2
415500 7
2920750 6
5226500 4
3751500 2
621500 6
7405250 2
9436000 2
7568250 2
5078750 7
9586500 7
10768750 4
1148000 2
1661750 7
10578000 5
1911500 2
6234000 7
835000 7
11896000 1
3723750 2
4193750 2
3211250 7
5438000 2
1074750 7
563500 2
9055750 2
3661500 2
3014750 7
10944750 7
2322750 2
11552750 1
3849750 1
8100250 1
10546500 2
8172250 2
1165500 1
4317250 2
2182750 5
11340250 5
9671750 2
11397250 2
3644250 7
11564250 7
12377250 7
1046250 2
6751750 2
7034000 4
5037000 7
4770500 7
2386250 7
5911250 2
10477000 1
6683750 7
11167500 1
2138750 1
2448250 4
9121750 7
5865750 7
9811750 2
1499750 2
6272000 7
5735000 2
10297000 7
8230750 1
417250 4
1110750 1
3625250 7
4809750 2
9179500 6
4184250 7
1240250 2
11440500 2
11616250 1
4063000 2
9782500 1
1181250 4
7375000 7
8170750 1
8666500 2
12384250 3
10264750 2
9628250 1
266500 4
10756500 1
9720000 2
6977000 2
1985250 2
309750 4
2882750 6
8129250 7
7892000 1
9592500 2
8195000 3
6619500 4
11737250 2
4658500 6
7322250 4
11129250 1
9215000 4
5143250 5
9438000 2
5726500 5
7060500 2
4447000 2
1025250 7
8822250 2
1727500 7
12229000 4
8799750 7
9512750 7
3675000 7
5239500 2
69500 7
1459750 2
9212500 2
7002750 2
472000 7
4257000 6
6849750 2
83250 7
7830250 2
3168000 2
5745000 2
8314250 7
2676250 2
10818500 7
8243500 7
3096750 3
5440500 7
1114000 2
7494250 2
19500 7
2752000 7
8248750 2
6694750 7
5539250 7
3215500 2
10119250 2
9437500 3
11939000 2
1953250 7
10229250 7
11141500 2
711500 2
6301250 7
764000 5
3288750 2
64000 2
10257500 5
965500 2
3742000 5
10713250 2
4547500 1
8435250 7
6258500 4
6904000 2
393250 5
2132250 2
1806750 4
7286500 2
4189500 2
3781500 2
5899750 2
8529750 4
4620000 1
9163000 4
887750 7
6140500 2
2078000 6
2968250 6
10234000 7
4195500 4
1724250 2
2975500 7
11613500 2
6807250 7
747500 1
4421250 1
12388250 2
5959000 2
11121500 7
11947000 7
5769750 6
11158000 7
9694750 2
4059500 7
2198750 7
10393750 1
3524750 7
2988000 7
1338750 2
1622500 2
3892750 2
8149250 7
3363000 6
7785250 1
10052000 7
1812000 7
12142750 2
8070000 1
2033500 7
9973000 2
8346250 2
10774750 5
10309250 6
6061250 2
4025000 2
2480750 2
7269250 2
3304500 7
1966250 2
2148250 2
4073250 7
10224750 4
3310750 5
11631250 2
5110750 7
8385000 2
10840750 2
746000 7
599750 7
4921000 2
4716750 7
5407750 7
8280500 4
1688750 7
11949750 7
3734250 2
9839750 2
11494250 3
6957500 7
984500 2
861250 2
8096750 3
10057000 2
8271000 2
439000 7
8649250 2
6003750 7
12234750 7
10799000 2
2891500 7
7143250 7
2733500 2
11894500 1
11220500 3
5697750 4
1934750 2
3350250 7
892500 4
776750 7
1767500 1
6571000 7
10588000 5
8160750 7
10185750 2
11923000 2
5642000 3
6247250 7
1459000 1
5465250 1
8215250 2
5915250 2
5987000 2
6852750 6
8861500 1
11972750 5
10539250 2
8628250 4
5901250 4
6497000 1
725000 4
2428500 1
11711250 4
2807500 7
11527500 2
10312750 7
11984750 2
6921750 4
5440750 7
11503250 2
4215750 7
11683250 4
6067750 2
5994250 2
7184500 7
9651250 5
8848250 2
6900500 2
8033500 7
7893250 2
10979500 1
1047000 2
4625750 7
7703750 7
1620500 7
11032250 2
799000 7
4533750 5
10069500 7
6634500 2
3149000 2
5012750 7
10927500 2
9394500 7
4922750 4
1528500 7
5742000 6
2557000 2
2006000 2
5751500 7
203750 2
8072250 7
6523250 2
6848750 7
3257000 2
10592750 1
11283500 2
47000 2
10642000 7
2476250 2
4004500 4
10063000 4
8573000 3
5655250 4
9513250 2
6250250 1
9906500 7
7699500 7
7588000 7
8940500 5
12331000 2
11747250 2
2168250 4
5287000 2
12154500 6
5155750 6
1629250 7
6299000 2
2823250 2
8617500 7
12004000 6
11687000 2
6571750 7
2688750 7
11300000 2
7383000 2
7476250 4
6564500 7
11612500 5
5999000 1
8745250 2
9946250 4
3787750 4
7657250 7
4963500 5
1724000 2
4880250 2
3954500 2
1118250 7
1365000 2
4902250 6
5467250 2
7918750 2
7450000 4
252500 7
12173500 7
4133750 7
11078500 5
6412250 5
3846250 6
3010000 1
3312500 2
861750 1
236000 5
6015000 2
10261750 7
5226250 7
12239250 3
11362000 1
1855750 2
6848000 7
12015250 2
10816000 2
791500 7
6780500 7
12337750 4
7545250 3
9199500 4
8216750 2
39750 2
1173500 2
5238000 7
7483500 2
2492500 7
4782250 7
1906000 6
11734000 2
8049000 7
3590000 4
6713250 7
42000 2
6872750 1
7715000 6
745750 3
154500 7
9278500 2
10609250 1
4399750 2
7976750 6
8757750 2
3552000 1
10095000 1
11936000 2
2364500 2
7898750 6
10715500 2
448250 6
8111500 7
11625250 1
4259500 7
12015000 4
11558000 6
969750 7
10966250 3
7269750 1
8508750 1
6257000 7
4256000 3
5962750 7
371250 6
11794250 2
7345250 2
10492250 7
2187500 6
3288250 1
2940000 7
8216500 7
2076000 4
6155250 4
9394250 7
4631250 4
3799500 4
5293250 2
1086750 7
5261000 4
9352750 7
4886500 2
7003500 4
4501000 1
5052000 4
3511000 4
9173750 7
3861500 2
1838750 2
8949750 6
4118250 2
7787500 2
8051750 2
11313000 7
