2350750	4078,15138,29099
6572500	29099,7963
12008000	14261,7868,25618,14020,24274,10329
8555500	25372,4510
425500	8313,22094
4853750	25596,18024,19955,22240
8430000	7868,8637,11080
4256500	2410,7868,4694,13888
9039750	14580,7105
4115500	6731,14470,1222
12215000	7868,12352,8637,15639,6672,14942,8689
591750	12394,12220,26722
3404000	28653,3627,21110
5256500	7868,614,20679,11612,21838,20846,12165
7367000	14020,16540,20297,15584,21110,3627,11679
4956000	7868,11196,11176
7927750	7868,18624,25372,21110,949,15065
7886000	5267,14580,15446
9982500	22484,1591,542,20800,6805,21686
4606000	21110,14887,12435
145750	11578
10443000	21110,29099,25488,8689,7868,10329,4571
1710500	7868,8689,12352,11176,29547
9706000	12168,20297,679,21865,949,2683,29099
3913250	8689,8409,14020,9242,12394,7105,12168
11751000	10404,28297
9351750	14580,11080,993,10329,25260
6874250	12168,11080,2683,26754,13483,155,647
5292000	11670,21672,12285,23779,16463,19974
1194750	7868,3627,679,8689,21092,8637,7400
5108000	11080,14580,2683,14020,26722,3627,14261
1617250	29099,8637,15138,28410,2217,12168,25372
4054000	20121
567250	23251,21815,9899
12371000	12394,14294,12352,14261,2257,3627,25372
6867750	14020,2655,27092
1319000	14020,5797,1237,26699,599
1832000	7868,25687,21110
3188000	12220,2655,18025,4993,17429
980000	3228,29099,1739
3249250	7868,1237
6099250	13244,7868,25372,25260,28410,24598,11823
2050000	27791,21659,8637,10329,14242,21336,8689
11772000	24015,13779,1966
10533750	14261,29099,24601,21110,8689,17945,7105
10915250	18075,12395,28653
6458000	1681
4557250	7868,24601,21838
405000	26698,12790,7262
7116750	9486,24869,13240
1815750	28391,25488,28065
3031750	12977,16110,16406,28924,18730,11196,11176
5170500	7868,18730,11679,6096,4949,14020
11111500	22029
6996000	12165,18213
7016500	27407
3335000	12747,5574,8719
6264750	21110,29203
9202750	21110,23134,20444
10302500	10646,24402,22240
3114000	21110,21092,8689,23928,7868,2655,20536
452750	21865,6672,25488,15638,14796,23475,27906
9716500	7868,11465,28065,8978
8163500	2257,18868
8869250	8689,11203,143
6126750	15019,24977,21110,25117,2655
8909750	21110,3228,21092,15138,24601,11687,15159
1579250	4078,24194,13020,15138,25424,7963
764750	7868,29203,20425
2910750	1372,19828,4039
8156500	1831,4078,20297,6447,19974,25372,6951
3245250	2257,18730
4423500	11543,10893,4997
2253250	11196,7868
10654750	2655
6766250	29203,12285,29547,11080,25372,21092,16540
11632250	21110,25372,2655,25022,3555
5034000	12220,18730,7868
8845250	12394,22484,7868,8689,21110,15446,26464
154750	11196,8943,15672
11493000	7868,8689,22727,12352,554,29022,22828
9079500	7868,12220,29099,25272,12271,23779,21071
8730250	11080,7868,8689
65500	15639,29099,14020,15018,5443,4571,2999
232000	7868,21865,16406,12133,21838,17823
832250	1831,27791,2257,12285,13020,29330
10054250	20297,19660,10970,20846,13020,8425,4667
4503500	12220,11936,3627,4949,24193,26754,11176
10619000	29547,4949,251
11142000	12352,29099,7868
5220750	8689,28438,25240,12977,13793,24196,25933
12204750	7963,15019,4078,21681,22749,6571
10521000	7868,13779,11080,9471,15761,25770,25415
1561250	3627,12352,679,4949,8689,12168,15639
5812000	2683,19993,17641,16944,29528,18721,17728
12065000	24196,14120,10999
190500	7963
3977750	8689,11679,24601,11687
10401500	24929,12189,11080,27791,26722,8816,18805
4814750	7868,679,2655
11307500	20300,22359,11196,27711,22393,24929
3588500	7868,12352,11080,18024,8637,4949
282500	12055,14020,27135,27052,3164
10885750	20595,5098
887500	29547,9549
10322250	10702,9111,1731,5848
3148500	3627,8689,8662,11465,12795,201,7620
11169500	14294,14020,10014,4220,17640,6352
10598500	12220,679,7105,18575,155,24385,16550
3075000	6592,5995,20950
4102750	26843,1666
848500	11196,9838,16406,14261,22393,7868,12394
3293750	3627,26523,21110,20297,18075,3723
341000	26754,26722,679
267250	679,7105,11196,16406,20297,12977
6654750	14261,679
5957500	8637,27741
4475750	3627,8689,21110,4949,679,11612,13592
7190750	27791,14526,9413,14482,3350,1538
7445000	18075,25372,4913
12231250	12220,28149,10329
1441500	12670,12033,3590
9842500	7868,11176,21110,18805,11080,25086,11052
7320250	934,23793,24202
3009000	5627,7868,22393,11176,14261,16110,15019
2331750	7868,8689,21092,3627,29099,28653,3228
4907500	18075,5086,1831,13020,29465,27711,24430
4680000	25372,16463
4454500	15019,15138,27117,28653,8689,29099,3627
2251750	22727,24601,23656
382250	22393,7868,25372
5952250	12285,8637,5067,6827,17060,25260,17945
239250	7868,25372,11080,16110
4804500	28465,164
9044750	2945,22864,16808
10696000	21110,3458,20297,26288
5199750	679,5848
3952000	12220,16550,29099,3627,2128,25372,11196
2756000	21092,2198,15019
140500	18730,23779,24196,14625,28270,15065,6918
11496750	7868,29084,13020
7600250	11176,4949,3228,7868,12352,24869,16110
6433000	16396,23241,12182
2704750	13592
6515500	21657,25372,24015
7568750	1831,12285,2655
528250	11196,12977,155,2963,7096,8693,27117
3226500	7868
6334000	9413
1189000	11176,11679,10329,15019,12175,23628
4378500	8689,11176,16463
7211250	7061
5754500	11196,14020,29099,143,3228,15019,4078
7810250	8637,27791,6880,3740
7513250	29203,4078
3520000	28065,21110,8689,3627,29099,7105,23409
4852000	21110,26722,679
5027500	24015,20184,8236
1517000	12977,27205,4808,16540,20297,4078,21865
8622000	8702,11125,15935
3396250	18024,21838,25090
8353250	12285,27205,20297,4078,7560,155,22317
8123500	22852
573000	18868,19962,19615,28924,14580,21092,679
8910750	7868,27514,29099,12688,24503,3590,12220
299750	11080,21110,12220,24601
1969000	12220,20297,11080,16550,14020,6352
5011500	11196,11679,29203,22280,4078,27092,12220
4035250	21372,6352
12275500	18196,23134,21659
3795000	12352,29099,24601,11687,26722,7105
8528750	24196,15315
5354000	20180
4376250	8689,27407,2655,17945,11176,29203,19993
4304250	7868,679,14261,4949,15019,21092,24869
1531250	11176,12394,12352,4949,18075,2963
10018000	7868,5429,11196
2103250	12394,11196,3627,1831,13737,4078,21110
5279750	2368,11196,12220,27117,10151,21838
5828250	4808,2963
6233750	15138,21865,4220,2963,4329
11761750	13020,3723,15584
6205000	17153,10908,1962
9069000	22393,7868,21110,12220,2257,3627,11176
2797750	8689,11790,20595
9794000	17835,9301
8040000	7868,15138,2655,16406,27791,11176,4078
6266000	12220,3445
5059000	21838,23662,3723
4097500	2762,13779,24844
2626250	7868,28230
9685000	11605,17032,26728
11225500	2655,21110,25372
4370750	1666,21110,11679
8523250	16110,3627,4949
847750	11080,21110,21838,13390,18024,19891
9244000	7868
8102000	21110,2683,12394,29099
1792000	11176,16540,20979,20154,29203,29099,23214
6412750	26722,14580,15019,11080,11052,3719,25092
9463750	11196,15138,16406
9076750	2826,5712
11352000	11176,11080,290
1782250	155,21110,19374,10329,251,14415,3237
11782250	18002,17748
4852500	14261,10329,9563
1074500	22556,4510,7262
6354500	26159,5377,25605
11874000	12220,4220,14020,18180,10014,4510,13844
7218000	12220,22317,2257,11679,14261,26619,14020
11022500	15019,21092,28653
11579750	11196,26722,14020,12688,12132,14261,679
10790500	22547
3089500	14020
5248750	28924,23623,3228,15019,155,4949,10329
5608250	25372,4731,15159
10831750	5640,13482
2768250	23421
8701250	21110
7921500	18575,28087
3344750	12220,29099,14020,21110,26722,24196,15138
11601500	2655,11080
1699500	16716,8719,17087,24715,6840,24425
9802000	5883,7868,3627,11176,11679,24601,16540
11321750	21672,17060,7868,29099,7997,9906,14020
5780000	21092,8313,3723,21865,22393,10058,3627
11701500	14020,29203,12285,22052,4366,11679,20803
6897000	11196,14020,15138,16463
3981750	1831,27791,21110,2683,2367,5053
9344000	21110,2963,25511
854250	2257,11176,24601
3326250	13450,12271,9389,9479,10866,4012,26027
8702500	7868,29547,15138,23779,11080,11176,4949
1324500	7868,12394,8028,19862,12173,1008,10404
8017000	21092,23284,15096,22280,28621,16818,27505
4994000	17087,16079,25960
10566000	7868,21110,13554
7797000	15159,1831,24066
5336750	12352,11176,14020,26722
3282250	7868,8689,14294,24601
981000	11176,12394,8689,14020,12220,26722,11196
4336750	16463,29203,20846
10064500	12220,12394,22583,28466,2683,29099,16550
1244250	4324,1691,15606,28183,14495,20470,9162
2737250	21865,4571,20300
6458250	22280,27205,7692,23475,4571
6998500	3627,8689
11535250	2257,12220,16463,15639,13070
7163250	2257,10329,21110,29099,26722,3627,17748
6172000	13888,15018,2729
1525000	11196,2257,7868,11080
4844000	7868,11176,15138,4949,1831
1492500	7868,11679,16540
3035250	14020,11196,11080,12168
731750	7692,23623,29008,679,4949,15924,10329
5898500	26722,21110,374
11957000	14261,7868,23662,12977,16818,21838,17060
5082750	7868,11080,29547
10628500	4078,14294,28641,21110,21092,11263,18075
11391250	28924,27998,22244,17417,16399
2088000	4078,15019,21110,7868
7687500	12394,7868,290,20803,18730,23662,15138
5024500	21110,3228,12220,12394,12977,7868,16550
6754250	17945,4949,19974
2200750	14020,11176,2655
7854500	29099,679,14020,11080,14261,4949,16463
4087750	27791,251,3627
317500	7868,18805,4571
1446250	11196,20297,4078,8689,12977,26722
11646500	26973,5474,23847
9782000	2826,21865,29364,25570,2198,21071,7248
5491500	7868,20803,25989,13390,2655,12285,14261
6014750	28653,21110,679
2316250	679,949,10329,8689,14020,4571,9688
4850000	11605,1428,12512,614,3458
4153000	21865,11080,29099,26523,14942,251,24385
11339250	6828
620500	7868,3627,8689,14261,10329,14294
7306250	21110,2655,26722,8689,22359
11137750	11080,19891,12977,24869,10329,22393,934
4037500	26614
3895750	8689,12606,12475,13247
5082500	14020,25372,2655
6768000	16818,7827,18491
1904750	23928,12220,22484
2808500	12394,25372,24196
364250	16079
10000250	5598,17153,6171,28391,9486,7654,6438
200250	12352,11176,14261,22393,1831,27791,25570
2852250	14261,29099,11682,26722
650750	9242,14935
10976250	15138,12394
6700250	14020,9549,18575,11176
6380000	1831,28425
12386500	13087
3549000	14261
10773000	2257,15639,11196,21110,3627,11176,25488
11131750	7868,11196,16406
12028500	11196,11679,13390,16540,24869,22484,15584
11847750	10948,17747,15116
805750	14580,28924,949
1530250	14120
5254500	7868,21672,11196,14020,24601,12977,20300
1838000	2963,21372,21971
9807250	7868,26722
4186500	7105,15138,18196
1140750	7868,15138,14261,8689,3627,11176,21865
7103000	15019,26722,12394,7868,13737,14580,11465
3903500	15138,1392,4949,14261,29099
3963750	4949,11176,14020,23662,12977,251,3590
6683250	3590,1700,25407
5693000	14020
11114000	25372,21092,11849
1758250	27791,12977,29547,12560,6571
6358500	10194
11730000	23656,13390,4078,16406,12914,18523,471
12061000	21110,18075,12977
1909250	504,25372,10014,21110,679,6326,2963
5910250	11196,554,21092
10592000	12220,7868,11176,2257
3054250	3627,12285,29203,11328,28370,28270,2898
1381000	14261,29099,1831,12220,2257,25329,21110
6400000	2452,16406,28270,19381,15672,15315,20551
3719250	4960,18624,25372,25631
10972250	16396
1971500	25329,11000,7096,29099,4949,10329,7692
10653250	16406,29203,20180,29099,21392,12285,2655
7435500	14261
6603750	21110,12352,13888
691500	7868,26288,21672,21110,12352,12431,11849
5264500	12220,14261,7868
38250	15138,14265,21865,20626,8662,14580,11447
2771250	26722,29099,2963
9288000	2683,26722,11328
9103250	12220,9563,1831
1247000	7868
3684750	1831,20846,12431
3317500	679
9972250	15138,21110,7963
2870250	14020,8327,23284,15096,5848,7061,17606
8997500	647,10726,9656
7323750	29203,4078
3573750	11176,12394,26722,11670,14020,25260
8324500	14020,3228,15138
7361250	17835,9563,16396
5968250	11196,16406,4078,29099,21865,949,10329
380000	554,12329,1392,1773,2128,18628,22367
418500	15138,6326
1793250	14020,22393,2033
2921750	11176,11196,143,26722
434750	4571,6104,16972,19973,13888,19394,17158
5847500	7868,11080,2257,26754
5522250	2257,8689,679
8060000	21110,14942,29203,8637
5139250	21865,949,29095
5654000	7868,21110,5896,14020,4571,11080,23861
3592750	29547,3627,241
8792750	5598,12606,15534
4895250	7868,29099,3627,24541,21865,25372,4078
11590500	7868,11679
3405000	11679,10176,22489
2378500	25372,23774,21110,10014,11679,19974,2367
10047250	3555,21372,12132,5598
4712250	20902,2963,18388,22889,19828
6150750	2655,15831,2963,10014,15584,4510,15159
3581250	21110,12512,22126,5848,18075,3723,16540
10112000	21110
2874500	14914,7868,2257,12220,7910,28370
2232500	679,14261,11196,11080,11679,24929,11000
4967250	7868
11046750	8637
9123500	12168,15138,20846,2683,12220,2610,6447
4047000	7105,11196,21865,2257,17945,20297,20551
11434750	9985,20083,18758,7071,10840,21823,26969
5906250	3228,21092,3047
10212500	24081,24788,16849
10845500	18075,29099,28924
3216500	2963,28992,14261,3228,20297,22393,21865
2788750	11176,7868,10329,11679,14261,4949,2257
1206500	5962
9015000	4731,26299
5846250	19993,17747,27191
1104500	21110,14294,2683
3266750	12220
5187750	6431,5845,14818
1063000	15019,3627,22280,23214,11679,4949,28481
4876750	7868,949,12394,20536,679,9838
4809000	28641
12016750	18730,11176,21092,27683
5121750	15138,251,679
415500	554,11679,11687,24601,20180,19381,24015
2920750	7868,14261,11176,29490,11679,679
5226500	3627,12220,8689,21110
3751500	20300,8978
621500	29099,7868,3723,21110,11670,23861
7405250	25372,21110,7552
9436000	504,4731
7568250	12394,11176,8689
5078750	21110,11080,679,10329,554,7096,3627
9586500	7868,11080,8860,4571,10795,7105,14580
10768750	19993,14020,25260,24323
1148000	1831,14266,12132
1661750	14020,7868,11080,3627,8689,26722,29203
10578000	7868,28992,16406,13240,26523
1911500	3627,8689
6234000	21372,17020,16463,26699,2257,8689,29099
835000	19632,25215,27117,26288,5848,22319,21067
11896000	11176
3723750	1831,14020
4193750	11196,29099
3211250	16110,11176,7173,4078,12977,7105,20536
5438000	26614,3046,1778
1074750	11080,12220,2257,27092,679,7868,16550
563500	7868,28653
9055750	21110,2655,18024
3661500	21110,13853,12754
3014750	7868,11196,3228,1831,2353,25372,1147
10944750	25372,11080,18730,25687,29547,12055,13592
2322750	20480,12022
11552750	12220
3849750	9549
8100250	7868
10546500	5955,28508,22184
8172250	6290,2217,20338
1165500	6805
4317250	21110,15159
2182750	2257,8689,26722,19643,18808
11340250	14294,12394,26973,14580,25329
9671750	7868,26722
11397250	23541,7762,10617
3644250	8637,26722,4078,3723,29099,20297,4571
11564250	1831,14969,25483,6104,21110,3723,16540
12377250	15138,8689,11080,679,14020,18075,1831
1046250	2257,26722
6751750	13737,26699,3658
7034000	29203,3850,4078,26829
5037000	7868,26722,679,27791,12220,11080,14796
4770500	14020,20297,12220,12394,2610,15315,24869
2386250	26754,12394,7061,6880,27625,6255,16754
5911250	12352,7868,22489
10477000	25212
6683750	29203,5267,15446,4078,17945,24977,2655
11167500	2469
2138750	11029
2448250	949,11679,15138,24669
9121750	7868,21838,949,18805,19974,251,3228
5865750	3228,11196,7868,11652,28937,28177,3145
9811750	12220,16550,4571
1499750	1831,23662,5655
6272000	12055,6080,2803,20180,17400,554,24601
5735000	12168,11080,15138
10297000	25058,28992,9340,4324,4676,5908,6698
8230750	11461
417250	3627,12068,9549,21092
1110750	21110
3625250	21110,21372,13247,12132,17327,22482,20549
4809750	1831,679
9179500	12220,11196,11849,5883,27637,11652
4184250	12220,11196,14020,241,4949,16550,647
1240250	12394,8689
11440500	14261,26722,3228
11616250	21975
4063000	22280,19974
9782500	7868
1181250	21110,6672,21092,15019
7375000	21110,2655,16463,554,29203,24196,21092
8170750	2826
8666500	11790,15672,24015
12384250	12352,21747,5458
10264750	7552,18689,5613
9628250	18024
266500	22659,6319,9657,255
10756500	14942
9720000	21092,11849
6977000	12964,5334
1985250	2683,5086,28059
309750	28653,15365,12431,4545
2882750	4452,11080,679,14240,15269,29225
8129250	7868,11196,21110,18805,8689,25260,3228
7892000	5267
9592500	7868,679,10329
8195000	11080,21865,12220
6619500	3627,21110,8689,26722
11737250	599,23273,14496
4658500	21110,679,14261,24196,25372,1831
7322250	23861,11176,4949,11679
11129250	11080
9215000	14294,12394,11196,21110
5143250	8689,29547,14020,14482,9563
9438000	12220,8689,24977
5726500	14020,7868,11080,25372,25733
7060500	504,11080,23214
4447000	7868,12352,4078
1025250	13247,18990,5429,11330,6740,19335,15883
8822250	21110,18024
1727500	4452,3228,7812,2605,22889,2787,28669
12229000	17389,29148,17474,8873
8799750	7868,11080,20826,679,11396,2257,13592
9512750	679,7868,3228,4239,27205,21110,11080
3675000	13779,18805,25488,7297,6908,1565,17835
5239500	21110,8689,23928
69500	18196,14020,12394,28410,7868,11196,16110
1459750	21110,16550
9212500	25372,22280,1293
7002750	7868,1831,15934
472000	14647,3515,25333,11176,25372,29203,6211
4257000	11176,4949,11196,4571,27625,7868
6849750	2655,25372
83250	2963,6174,28885,12606,25753,1731,1461
7830250	5779,554,20127
3168000	19742,20417
5745000	26722,11080,2257
8314250	11196,4834,16540,11080,6352,4949,27618
2676250	5267,15446,4970
10818500	29099,21110,14261,4618,7354,5334,19394
8243500	11196,4949,11176,17945,18075,23662,4931
3096750	29203,4078,7552
5440500	11080,8637,18730,17945,25272,2669,5043
1114000	4731,2826,14818
7494250	21991,509,7577
19500	11080,11176,7096,7868,5086,2257,20551
2752000	11679,7868,3032,26722,3627,10329,7105
8248750	12394,29203,8628
6694750	12352,22393,18730,24196,18075,679,10329
5539250	7868,8689,12220,155,18075,14580,7096
3215500	10914,4691,8327
10119250	7868,2257,12352
9437500	12168,2683,13020
11939000	2257,11196
1953250	12394,14020,12352,3627,15639,2257,8313
10229250	8689,3627,28653,26722,24869,15019,4949
11141500	2945,21657,23475
711500	26722,11052
6301250	7868,29547,574,8689,22393,14942,10329
764000	18990,25618,4324,28992,25820
3288750	3937,5429,13518
64000	12394,21865,15138
10257500	10893,22556,23267,29284,7577
965500	20297,10646
3742000	29099,20846,13020,4078,2655
10713250	4078,21865
4547500	8257
8435250	14261,11080,16110,11196,18730,11679,7868
6258500	12068,20471,21672,18805
6904000	5267,9111
393250	7868,10329,4949,20154,12068
2132250	1831,14159
1806750	16463,26394,16754,18558
7286500	4605,19328
4189500	3627,647
3781500	241,21672,22393
5899750	12220,11679
8529750	15138,28059,16609,12220
4620000	6565
9163000	7868,11080,12394,14261
887750	15019,26754,11080,4949,16406,10329,11849
6140500	26722,28410,4424
2078000	679,7868,11080,14261,18730,12977
2968250	12220,21110,16463,8689,16550,14273
10234000	28653,9111,15019,10970,14261,10176,21110
4195500	9802,22246,18097,14159
1724250	12977,3228,14020
2975500	7868,16406,11196,5086,21865,12977,15934
11613500	7868,2257,28641
6807250	22393,21110,25372,14261,7868,11196,4078
747500	5210
4421250	16110
12388250	11196,15138,23793
5959000	251,4078
11121500	20297,10893,13049,8530,27390,9566,14072
11947000	11080,7868,14020,679,9522,13103,15315
5769750	2257,21110,14294,16818,143,24503
11158000	7868,11080,239,8637,290,14261,29099
9694750	11080,9838,23656
4059500	7868,9549,24196,11196,29099,14261,16463
2198750	12220,16550,12394,21110,14294,14020,13054
10393750	5598
3524750	4808,26871,27625,15065,251,18805,4491
2988000	21110,20297,14020,22482,12606,16550,12132
1338750	12410,17421
1622500	8662,15138
3892750	13020,22204
8149250	11196,11679,7868,24015,15138,16406,12220
3363000	3627,18868,2257,11176,15315,29099
7785250	11790
10052000	3093,143,22126,21110,14020,7620,6352
1812000	11196,7868,16406,7105,12977,15639,26722
12142750	29099,26722,10329
8070000	11080
2033500	8689,12352,3627,11176,12220,4949,11465
9973000	23475,18227,25260
8346250	1831,4571,17327
10774750	1577,14942,11687,2899,27791
10309250	14261,29099,18730,679,21091,14942
6061250	679,14261
4025000	4571,18575
2480750	21110,12394,14020
7269250	1831,2729
3304500	7868,8689,679,13554,11080,29099,1392
1966250	26722,2257,155
2148250	14294,21110,12606
4073250	7868,27415,21672,647,2826,17153,9946
10224750	11679,1831,5267,21092
3310750	8689,26722,3627,16550,12220
11631250	5598,2963,12606
5110750	11176,14020,14261,251,7096,12977,28653
8385000	21110,9111,17771
10840750	7105,8689,24385
746000	21865,7105,21110,155,6571,2410,12435
599750	20297,7868,12285,14261,12977,21110,7105
4921000	8689,15534,24015
4716750	2963,6672,4324,18805,29202,8511,13784
5407750	11080,6352,29099,2257,28410,25676,16373
8280500	17972,16674,4662,19
1688750	12220,14020,21110,554,2655,3145,16550
11949750	2198,6571,12977,13554,2963,25177,647
3734250	6290,2432,27261
9839750	28410,21110,8689
11494250	11196,12352,18805
6957500	12606,12977,22029,23861,16722,1831,28653
984500	679,18730,26722
861250	21110,25372,10176
8096750	11196,26485,15138
10057000	27625,25420,2605
8271000	11280,7356,27426
439000	7868,25415,7105,11080,12287,647,26404
8649250	29203,4078,28653
6003750	7868,4949,12285,11176,2033,5053,27625
12234750	11080,21110,4078,3627,29465,10329,949
10799000	14533,13240,19026
2891500	2257,3627,11176,8027,14580,4949,26722
7143250	22087,637,29203,11849,24869,1773,22366
2733500	25260,26464
11894500	15138
11220500	12285,3627,11431
5697750	27791,21110,476,23273
1934750	11679,21838,11176
3350250	18736,25420,3384,12220,14413,19177,1672
892500	3627,29099,14020,15019
776750	26722,21092,2257,3627,679,29099,29084
1767500	15831
6571000	12162,4254,22393,12220,1773,14261,11687
10588000	14020,15138,2655,3720,9295
8160750	11196,16406,2655,25618,5067,10268,18529
10185750	2257,9838,8805
11923000	8689,14580,11328
5642000	11176,4949,2257
6247250	15814,19615,11176,14580,4571,25618,11670
1459000	25372
5465250	15138
8215250	14261,14020,8689
5915250	15138,2367
5987000	15639,25596,9120
6852750	4949,2963,27906,7208,13888,10329
8861500	29377
11972750	21693,8122,7071,20708,27426
10539250	14020,27625
8628250	20979,11080,26288,18805
5901250	18730,14575,11176,22280
6497000	647
725000	2257,1831,25372,26722
2428500	26722
11711250	3719,5848,21338,5330
2807500	29203,27117,11196,3723,28924,18741,12512
11527500	21110,10329
10312750	3627,2257,12352,7868,16110,8689,6672
11984750	8689,3627
6921750	12220,29497,19197,28653
5440750	19862,12168,21110,12394,25029,9838,11052
11503250	504,8878
4215750	7868,11176,12352,29099,20297,12977,25372
11683250	7868,25372,12541,15018
6067750	29099,9946,7995
5994250	18180,7105,11396
7184500	7868,527,21865,26722,10193,16110,12977
9651250	26754,11080,1598,17945,18672
8848250	10329,25488,3534
6900500	21659,4078
8033500	2471,21110,24869,12489,12435,6113,7620
7893250	11080,28410,21110
10979500	25372
1047000	21110,7954
4625750	15446,1428,9838,10840,3723,24471,16406
7703750	18075,7868,12394,18730,11196,26722,679
1620500	15138,23735,12230,13124,444,28774,7624
11032250	3627,2963,3723
799000	18730,26722,29099,11687,10329,2669,24601
4533750	26699,13592,22126,25770,25022
10069500	7868,14261,8637,15322,21838,21400,15584
6634500	18213,9454
3149000	12220,24503,8689
5012750	11196,7868,14261,13020,5053,3627,3393
10927500	14580,27191,27785
9394500	21110,26722,29099,16540,3723,10908,7096
4922750	25733,2669,7868,18013
1528500	3627,21092,23781,23774,28370,10329,24929
5742000	16716,11849,12287,10151,25261,22307
2557000	4571,13020,24541
2006000	25372,17060,15534
5751500	11679,12977,3228,1392,11176,10329,22393
203750	25372,4728
8072250	19036,27033,22,29099,16406,28616,21838
6523250	14020,17835,16540
6848750	21336,7070,12606,3555,10948,8511,264
3257000	15534,27791,13592
10592750	7868
11283500	12220,21110
47000	1591,162,2835
10642000	20536,3627,7105,251,679,2655,14580
2476250	21110,21950,13779
4004500	1831,21865,18281,28270
10063000	21110,2257,22393,20207
8573000	21110,7868,14261
5655250	11196,16406,14020,7868
9513250	7868,11080
6250250	16564
9906500	7868,21110,26722,155,8689,12394,11328
7699500	23928,22280,13592,11080,11679,16406,12977
7588000	10329,28653,7105,18730,18575,2257,14261
8940500	11080,251,2257,2655,11176
12331000	16609,21758,28184
11747250	18730,7868,155
2168250	7868,21838,8689,11679
5287000	12394,18196,27514
12154500	7868,7105,11176,4949,20297,3627
5155750	18805,11176,29099,3228,20297,22393
1629250	29099,12394,18024,28937,19891,143,21110
6299000	7868,19962
2823250	2610,25329
8617500	27625,11280,28270,12220,12055,14020,26619
12004000	15307,16463,18683,3698,10452,28547
11687000	431,27400
6571750	14580,7868,155,16540,993,20158,17706
2688750	7868,155,14261,679,24601,11176,22393
11300000	11679,2963
7383000	7868,21838
7476250	15019,29099,23662,28653
6564500	11196,11176,4949,12977,18730,16110,16406
11612500	12394,12220,19974,25372,16550
5999000	2993
8745250	679,8689,3590
9946250	155,21865,2899,21110
3787750	26969,19458,3723,2610
7657250	7997,29445,4452,1756,10268,25556,8236
4963500	21092,21110,25372,29203,2655
1724000	23793,16399
4880250	1831,25372,21110
3954500	12162,15584,26315
1118250	11176,20297,24601,10329,24929,14794,26665
1365000	679,14796,1884
4902250	18730,4709,23628,27791,14360,14794
5467250	21110,12220,25372
7918750	11652,18275,949
7450000	7868,14261,12352,4949
252500	23861,12541,10329,23662,18741,18544,6352
12173500	3627,554,28370,29287,28184,14266,15405
4133750	1831,25372,15159,21110,2655,27638,15138
11078500	22393,2655,18024,18805,28391
6412250	15159,21110,25372,3723,2655
3846250	11679,15584,12352,12220,26722,11196
3010000	4220
3312500	19993,949,22280
861750	4078
236000	29203,16406,22393,7248,27791
6015000	24323,12914,2570
10261750	14261,21657,12285,23896,23214,5285,17060
5226250	8689,14020,10329,4078,24669,18075,24929
12239250	7868,14261,949
11362000	7868
1855750	7868,7105,14261
6848000	11196,24601,26619,11687,8816,24598,3740
12015250	11080,23604,14806
10816000	20747,27334
791500	10329,24831,20297,16606,8738,14712,23492
6780500	10893,14261,4571,19394,15584,20846,5598
12337750	21092,554,13888,647
7545250	29099,14020,12977
9199500	29099,24969,7868,20803
8216750	12285,18730
39750	16663,4896,24848
1173500	21110,23421
5238000	29099,15018,14580,25372,16406,12977,26722
7483500	21865,11080,7105
2492500	20979,504,11849,20083,27791,25420,8637
4782250	679,27791,26722,11176,29099,10778,17945
1906000	12220,21110,24601,2438,16463,13240
11734000	14261,679,3723
8049000	21092,20979,2257,27544,25556,3723,23774
3590000	28924,12285,7567,9111
6713250	2945,2367,15639,143,12352,949,11857
42000	679,4078,20979
6872750	7868
7715000	7868,679,11790,21110,24978,11080
745750	29099,24869,3627
154500	8689,12168,21110,3627,12220,12977,11080
9278500	7847,20916
10609250	5330
4399750	21110,2683,12686
7976750	25372,12352,13853,24194,5254,7297
8757750	23928,26288
3552000	24385
10095000	14261
11936000	13020,26722
2364500	11080,12329,20471
7898750	7868,16110,3228,24503,21838,4949
10715500	2655,22029,6820
448250	15911,19962,18196,11029,24780,6868
8111500	2257,11080,7868,14261,23878,22393,454
11625250	18990
4259500	11176,29099,26722,4949,15019,12977,10329
12015000	15138,12285,24977,13097
11558000	25372,11679,4078,3032,20846,20154
969750	17823,2367,19835,3047,2963,27198,7990
10966250	251,8689,12977
7269750	19475
8508750	4694
6257000	11679,12285,23628,16540,22749,26699,11849
4256000	11679,20297,3627
5962750	2683,24196,5803,17706,16800,5151,9640
371250	21110,7620,22889,25596,29203,1547
11794250	12220,11679
7345250	23656,22484,2513
10492250	7868,11176,18730,4949,11080,26722,12220
2187500	12162,2963,23628,4808,16376,7990
3288250	11176
2940000	26722,12168,11767,14580,2257,24519,19835
8216500	2257,12394,22552,8313,21110,25329,18730
2076000	7868,26722,18024,24886
6155250	14020,4220,2963,18180
9394250	11196,25372,29203,17060,21110,7105,8637
4631250	7868,29099,11176,2257
3799500	21838,21768,1721,22368
5293250	679,12220
1086750	7868,11080,679,18977,15639,21672,1084
5261000	8689,21672,11080,13592
9352750	18075,2683,28759,24196,17133,682,23698
4886500	21110,12285,17640
7003500	11196,14261,29099,8637
4501000	970
5052000	7868,12220,24869,3047
3511000	14020,29203,13020,2655
9173750	11196,16110,11679,16406,13020,29203,7868
3861500	11080,24603,19596
1838750	21110,1831,15142
8949750	16818,4808,17438,3228,14294,2217
4118250	27272,21567,398
7787500	17771,19217
8051750	12220,20297,21110
11313000	11196,12977,11679,7105,3228,16406,12394
