2350750	15138,29099
6572500	29099,7963
12008000	14261,7868
8555500	25372,18180,5598,29078,4510,19379,26614
425500	8313,22094
4853750	25596,18024
5980500	27155
4256500	7868,2410
9039750	11196,3228,14580,7105,3627,2257,16406
4115500	6731
12215000	7868
591750	26722,12220
3404000	28653,22246,3627,21110,554,28370
7149500	20645
7367000	20297,15584,21336,11679,14020,16540
4956000	7868,14580
7927750	25372,7868,26288,18624,14020
7886000	1428,5267
9982500	2683,9369
4606000	21110,14887
145750	11196,11578,21110
10443000	21110,7868
1710500	7868,8689
9706000	12168,20297
3913250	8689,8409,14020
1627000	28641,25565
9351750	14580
6874250	12168,2683,11080,26754,155,13483,647
5292000	21672,11670
1194750	7868,679
5108000	14020,11080,2683,14580,29547,29203
1617250	2217,27791,29099,11679,18002
4054000	20121,24088,9090,11304
8633500	255,8148
567250	11080,27791,7354,23251,9899
12371000	12394,12352
6867750	14020,2655
1319000	14020,5797
1832000	7868,25687
3188000	12220,2655
8430000	7868,8637
980000	3228,29099
3249250	7868,11080
6099250	13244,25372
2050000	27791
11772000	24015,13779
10533750	14261
10915250	18075,12395
6458000	1681
4557250	7868,19962
405000	26698
7116750	11196,2257,14930,9486
1815750	28391,22359
1971500	11000,25329,7096,4949,27791,10329,29099
5170500	7868
11111500	25372,21110
6996000	12165,13754
7016500	11679,26546
3335000	8719,5574
6264750	21110,29203
9202750	21110,23134
10302500	21110,679,18167
3114000	21110,21092
452750	21865,14796
9716500	7868
8163500	2257,7868
8869250	8689,11203
6126750	15019,24977
8909750	3228,21110
1579250	4078,25424,13020,25372,15138
764750	7868
2910750	1372,19828
8156500	1831
3245250	18730,2257
4423500	24193,11543,4147,10893,10176
2253250	11196,18730
10654750	7552,4078
6766250	12285
11632250	21110,12220
5034000	12220,7868
8845250	12394,22484,8689
154750	11196,8943
11493000	7868,8689,22727,12352,554,29022,20425
9079500	7868,12220
8730250	911,12068,3228,7868,11080,8689,24601
65500	29099,15639,15018,21672,5443
232000	7868,21865
832250	1831
10054250	19660,20297,4667,20846,13020,10970,8425
4503500	11936,12220
10619000	4949
11142000	12352
5220750	8689,28438
12204750	7963,6571
10521000	7868,11080
1561250	3627
5812000	2683,19993,17641,20506,4039,21838,16944
12065000	24196,10999
190500	20425,4281
3977750	8689,24601,11679,17060
10401500	7868,27791,12189,11080,24929,20979,22950
4814750	7868
11307500	20300,22359,11196
3588500	1831
282500	12055,14020
10885750	20595,5098
887500	11080,29547
10322250	10702,1731,5185,18575,9111
3148500	3627,8689
11169500	14294,14020
10598500	12220,7105
3075000	201,6592
4102750	20585,26843
848500	11196,9838
3293750	26523,3627
341000	26722,679
267250	679
6654750	14261
5957500	29203,8637
4475750	4949,21110,3627,8689
7190750	27791,14526
7445000	18075,25372
12231250	12220,28149
1441500	12670
9842500	7868,11176,18805
7320250	934,23793
3009000	5627,22393
2331750	7868,21092
4907500	11196,21110,18075
4680000	16463,25372
4454500	15019
2251750	22727
382250	26722,7868
5952250	5067,12285
239250	7868,25372
4804500	28465
9044750	2945,27483
10696000	21110,3458,11022,19615,20297,5845,3740
5199750	679
3952000	12220
2756000	21092,2198
140500	18730,23779
11496750	7868,29084
71250	28641
7600250	3228,11176
6433000	17087
2704750	3658,13592,22359,23656,20902,16483,11547
6515500	21657,25372
7568750	12285,1831
528250	155,2963
3226500	7868,12394
6334000	10627,23662
1189000	4949,11176,11679,15019,11328,23628,12175
4378500	8689,11176
7211250	23656,7061,29099
5754500	14020,11196,3228,23214
7810250	8637,6880
7513250	29203,4078
3520000	14020,7105,28065,21110,9563,7868,23409
4852000	7868
5027500	11679,25372
1517000	12977
8622000	8702,15935
3396250	21838
8353250	12285,27205,4078
8123500	3390,1591
573000	18868,19962,19615
3552000	24385
8910750	7868,27514
299750	11080,21110
1969000	12220,20297,11080,14020,16550
5011500	11196,29203
4035250	21372,11176,12285,9340
12275500	21930,21110,14020,23134
7450000	7868
3795000	12352,29099
8528750	15315,24196
4376250	8689,27407,15631,2655,14261,19993,29203
4304250	7868
1531250	11176,2963
10018000	5429,7868
2103250	12394,11196,3627
7860250	24746
5279750	2368
5828250	4808,2963
6233750	4220,15138,2963,26619,21865,4329,21372
11761750	21110
6205000	1461
9069000	22393,7868,21110,3627,12220,11176,8689
2797750	8689
9794000	17835,9301
8040000	7868,15138,2655,25372,27791
6266000	12220,20950
5059000	21838,23662,24869,3723,9195,12512
4097500	2762,24844
2626250	7868,11176
9685000	11605,3185
11225500	21110,2655
4370750	1666,21110
8523250	16110
847750	18024,11080
9244000	7868,9486,21110,29099,8689
8102000	21110,2683
1792000	11176,20979
6412750	15019,14580
9463750	15138,11196
9076750	25372
11352000	11176,11080
1782250	155,21110,19374
11782250	18002,17748
9979000	7868,25372
1074500	9567,22556,4510,7262
6354500	26159,5377
11874000	12220,11679
7218000	12220,22317
11022500	15019,28653
11579750	11196,26722
10790500	22126,22889
3272000	21315,3534
3089500	14020,4078
5248750	28924,23623
5608250	21110,25372
10831750	5640,17024
2768250	23421,9549
8701250	4571,2257
7921500	18575,28087
3344750	12220,29099,21110,14020,3313,15138,24196
11601500	11080,12220,2655
1699500	16716,24715
9802000	5883
11321750	21672,17060
5780000	21092,7868,4949,10058,3723,15315,19523
11701500	14020,29203
6897000	11196
3981750	3228,1831,27791,2257,18730,22280
6150750	2655
9344000	21110,20979
854250	2257,11176
3326250	25372,13450,20154,9479,614
8702500	11196,7868,29547
9488750	3564
1324500	7868,5336,12977,8028,21110,27927,12394
8017000	23284,22280,21092,15096,3719,16818,28621
4994000	2655
10566000	7868,21110
7797000	15159,11679
5336750	11176,12352,7868,14020,11000,3627,26722
3282250	29099
981000	11176,14020
4336750	16463,20846
10064500	12220
1244250	4324,1691
2737250	3228,15315
6458250	22280,23475
6998500	3627,8689
11535250	2257,16463
7163250	2257,21110,10329
6172000	24704,2729
1525000	11196
4844000	7868
1492500	7868,11679
3035250	14020,11196
731750	7692,29008
5898500	26722,7105
11957000	7868,14261
5082750	7868,11080
10628500	27791,4078,14294,21110,12285,18075,11263
11391250	28924,27998
2088000	15019,4078
7687500	7868,12394,18730
5024500	21110
6754250	4949,17945
2200750	2655,14020
7854500	29099,4949,679,11080,14020,7323,12285
4087750	27791,251
317500	7868,18805
1446250	20297,11196
11646500	21110,11176
9782000	14020,21865,2826,3151
5491500	7868,20803,25989
6014750	28653,21110
2316250	679,949,10329
4850000	11605
4153000	21865
11339250	6828,21838
620500	7868,3627,8689,934,4571
7306250	7868,21110
11137750	11080,19891
4037500	26614,10948
3895750	8689,12475
5082500	14020,7105
6768000	16818,7827
69500	18196,14020
2808500	25372,12394
364250	16079
10000250	5598,17153
200250	12352
2852250	14261,29099
650750	12220,16406
10976250	15138,12285
6700250	11176,9549
6380000	28425,12220
12386500	2367,13087
3549000	14261,5184
10773000	2257,12352
11131750	7868
12028500	11196
11847750	10948
805750	14580,18024
1530250	14120
5254500	7868,21672,25488
1838000	21372,2963
9807250	7868,26722,25086,10329,4571,8662,241
4186500	7105
1140750	7868,14261,15138,11176,12541,21865
7103000	15019,26722,11080
3903500	15138,1392
3963750	4949,11176,14020,12977,23662,251,7096
6683250	3590,6918
5693000	14020
11114000	25372,21092
1758250	27791,12977,28481,6571
6358500	10194
11730000	13390,21565,23656,4078,1446,12914,18523
12061000	21110,18075
1909250	504,10014
5910250	11196
10592000	12220,7868
3054250	14020,12285,3627
1381000	14261,29099
6400000	2452,16406,15672,28270,19381,20551,3313
3719250	4960,18624
10972250	23779
3031750	16110,12977,16406,3228,18730,28924,14020
10653250	20180,7868,29203
7435500	14261,11176
6603750	21110,12352
691500	7868,21672
5264500	12220
38250	11176
2771250	26722,29099,2963,29490,23284
9288000	2683,11328
9103250	12220,9563
1247000	7868,2669
3684750	1831
3317500	679,7105,27514,7868,14261,10329
9972250	15138,21110
2870250	14020,17606,21110,23284,8327,5848,29363
8997500	647,10726
7323750	11196
5354000	10014
8324500	14020,3228
7361250	24541
5968250	16406,11196
380000	554,12329
418500	15138,6326
1793250	14020,2033
2921750	11176,143
434750	4571,3228,6104,19394,19973,21110,12394
5847500	7868,11080
861750	23284,28924
5522250	2257
8060000	18024,21110
5139250	11080,911
5654000	7868
3592750	7868,29547
8792750	5598,12606
4895250	7868,29099,24541,1335,3627,18024
11590500	7868,11679
3405000	4389,26722
2378500	25372,23774,3228
10047250	3555,12132
4712250	2963
3573750	11176,12394
3581250	12512
10112000	21110,6839
2874500	7868,14914
2232500	679
4967250	7868,28391,679,12431
11046750	8637,7169
9123500	12168
4047000	7105
11434750	9985,20083
5906250	27791,143
10212500	24081,24788
10845500	18075,13390
3216500	2963,28992
2788750	11176,7868,4949,11679,14261
1206500	5962
9015000	4731,7090
5846250	19993,17747
1104500	21110
3266750	12220,679
5187750	11080,7868
1063000	15019,22280
4876750	7868,949
4809000	28641,22211
12016750	18730
5121750	15138,251
415500	554,11679
2920750	7868,14261,11679,679,21110,11176
5226500	3627,8689
3751500	20300,16540
621500	29099
7405250	25372
9436000	504
7568250	12394,11176
5078750	21110,11080,10329,679,4949,7096,554
9586500	7868,11080,8860
10768750	19993,14020
1148000	1831,21110
1661750	14020
10578000	7868,26523
1911500	16110,3627
6234000	21372,17020
835000	7868,14020,19632,8637,14048,5848,16722
11896000	3228
3723750	14020,1831
4193750	11196,21657
3211250	16110,11176,7105,7173,4078,12977,6148
5438000	14145,26614
1074750	11080,12220,2257,27092,7868,679,11679
563500	7868
9055750	18024
3661500	21110,13853
3014750	7868
10944750	25372
2322750	15138,25372
11552750	12220,16011
3849750	9549,26699
8100250	7868,27117
10546500	21838,5955
8172250	2217,6290
1165500	15423,290,6805
4317250	21110,12220
2182750	2257,26722
11340250	14294
9671750	7868,26722
11397250	23541,7762
3644250	7868,8637,16406,26722,4571
11564250	1831,25483
12377250	14020,15138,18075,7868,8689,3151,1831
1046250	2257,27791,14020
6751750	3658,13737
7034000	29203,3850
5037000	7868,26722
4770500	14020,12220
2386250	7061,26754,6880
5911250	12352,7868
10477000	25212
6683750	29203,5267
4852500	911,11080,7868,24541,14261,9563,10329
11167500	2469
2138750	11029,14120
2448250	949
9121750	7868
5865750	3228
9811750	12220,16550
1499750	1831,20127
6272000	12055,6080
5735000	12168,7868
10297000	25058,10176
8230750	24977,11939
417250	3627
1110750	21110,3458
3625250	21110,21372,26614,18180,5625
4809750	679
9179500	12220,11196,17835,27637,11849
4184250	12220,241,14020,11196,4949,16550,8689
1240250	12394,8689
5320000	3228
11440500	14261,3228
11616250	21975
4063000	19974,6148
9782500	4949,7868
1181250	21110,6672,7868,23284,21092,15019
7375000	2655,21110
8170750	1966,23143
8666500	11790,15672
12384250	3658,12352
10264750	7552,18689
9628250	18024,23779,7323
266500	10282,9486,9657,255,22659,9487,6319
10756500	14942,12977
9720000	21092,16110
6977000	7868,12964
1985250	2683,11196
309750	15365,28653
2882750	4452,11080
8129250	7868
7892000	911
9592500	7868
8195000	11080,7868
6619500	3627
11737250	599,6988
4658500	21110,679,14261,18075,24196,11080,1831
7322250	11176,23861
11129250	11080,7868
9215000	14294,12394
5143250	21110,8689,29547,14482,14020,9563,5429
9438000	12220,8689
5726500	14020,7868
7060500	504,23214
139000	679
4447000	7868,4078
1025250	13247,29203
8822250	21110
1727500	3228
12229000	17389,7868
8799750	7868,11080,13592
9512750	3228,679,11080
3675000	13779,18805,9563
5239500	21110,14153,8689,7105
1459750	12220
9212500	25372,21110
7002750	7868,1831
472000	25333
4257000	11196,11176
6849750	2655,25372,29099,3228,18730,4571,6290
83250	1731,2963
7830250	25372,5779
3168000	19742,20417
5745000	26722,11080
8314250	11196
2676250	15446,4970
10818500	29099,7868
8243500	11196,4949
3096750	15315,3228
5440500	11080,17945
1114000	4731,2826
7494250	12528,21991
19500	11080,7868,7096,14261
2752000	11679,7868,3032
8248750	12394,29203
6694750	14020,18730,12352,7868,22393
11984750	3627
5539250	7868,8689
3215500	10914,4691
10119250	7868,12352
9437500	12168,2683
11939000	2257,11080
1953250	14020,12394,12352,2257,3627
10229250	8689
11141500	2945,21657
711500	26722,11052,17118
6301250	7868
764000	18990,25618
3288750	3937,5429
5061750	2971,599
10257500	10893,22556
965500	20297,26378
3742000	13020
10713250	4078,2655
4547500	8257,7868
8435250	14261,11080
6258500	12068,20471
6904000	9111,5267
393250	7868
2132250	1831,14159
1806750	26394
7286500	19328,4605
4189500	3627,647
3781500	241
5899750	12220,11679
8529750	15138,28059,22583,16609
4620000	15934,414
9163000	7868,11080,23475,6571
887750	15019,26754
6140500	26722,21110
2078000	679,7868,14261,11080,12977,18730,27791
2968250	21110,12220
10234000	28653,9111,15019,14261,10970,14020,10176
4195500	12285,22246
1724250	3228,12977
2975500	7868,16406,5086,11196,21865,12352
11613500	7868,2257
6807250	22393,25372
747500	5210
4421250	16110,1591
12388250	11196,15138
5959000	4078,251,2683,26722
11121500	20297,13049,24601,10893,8530
11947000	7868,11080,14020,12168
5769750	143,2257
11158000	7868,21930,239
9694750	11080
4059500	7868
2198750	12220,16550
10393750	7868,29265,11080,2683,5598,504
3524750	4808,26871
2988000	21110,14020
1338750	12352,11080
1622500	7868,679,8662,14020
3892750	13020,22204
5948500	17771,13736
8149250	11679
3363000	3627,18868
7785250	11790,21657
10052000	21110,22126,143,14020,7680
1812000	11196,7868
12142750	26722,29099
8070000	11080,10329
2033500	3627,8689
9973000	23475,25260
8346250	1831,16939
10774750	14942
10309250	14261
6061250	4949,11176,679,14261,7868
4025000	4571,18575
5256500	7868
2480750	21110
7269250	1831,21110
3304500	29099,8689,7868,25169,679,13554,24461
1966250	2257,26722,3228,16110
2148250	14294,21110
4073250	7868,27415
10224750	11679,21110
3310750	8689,26722,3627,25086
11631250	5598,2963
5110750	11176,14020,7096,12977,1739
8385000	504,7680,9111,21110,23284,18080,3458
10840750	7105,8689
746000	21865,7105
599750	20297,12285,7868,7105
4921000	8689,15534
4716750	21110
5407750	11080,6352
8280500	17972,16674
1688750	12220
11949750	6571,13554
3734250	6290,16540
9839750	21110
11494250	11196,18805
6957500	12606,25372
984500	26722,679,27791,18730,7868,2513
861250	21110,25372
8096750	26485
10057000	25420,27625
8271000	11280,7356
439000	7868,25415,11080,7105,3390,16821,647
8649250	29203,18024
6003750	7868,4949,12285,2257,11679,11080,11176
12234750	21110,11080
10799000	13240,14533
2891500	2257,3627,8027,26722,14580,11176,4949
7143250	22087,29203,637,23896,28641,11849,24869
2733500	25260,7552
3295250	12285,15534
11894500	15138,14020
11220500	12285,11431
5697750	27791,21110,2367
1934750	11679,11080
3350250	18736,12220
892500	3627,7868,29099,14020,18805
776750	3228,2257,26722,2963,21092,16110,679
1767500	2963,15831
6571000	4254
10588000	14020,15138
8160750	11196,16406
10185750	911,2257
11923000	14580,8689
5642000	11176,4949,10840,2257
6247250	15814
1459000	25372,25260
5465250	15138,26114
8215250	14261,14020
5915250	15138,2367,11687,4324
5987000	15639,25596
6852750	4949,27906,2963
8861500	29377,25656
11972750	15631,21693,647,4846,8122,7071,954
10539250	14020,1461,16406
8628250	20979
5901250	18730,14575
6497000	647,20747,20902
725000	2257,25372
2428500	2683
11711250	24942,1392,14020,6175,3719,28411,22749
2807500	27117,29203,11196,12688,18024,14580,11329
11527500	21110
10312750	3627,12352,7868
4392000	5285,16527
6921750	19197,12220
5440750	19862
11503250	504,26722
4215750	7868,12352,2655,29099,25372,11176,12977
11683250	7868,12541
6067750	29099
5994250	18180,7105
7184500	7868,26722,18805,527,4571,21865
9651250	26754,12220
8848250	10329,25372
6900500	21659,6805
8033500	21110
7893250	11080,28410
10979500	25372
1047000	21110,7954
4625750	1428,15446,9838
7703750	18075,7868
1620500	15138
11032250	2963,3627
799000	29099,18730
4533750	21110
10069500	7868,8637
6634500	9454,18213
3149000	9486,29008
5012750	11196,7868
10927500	14580,27191
9394500	29099,21110
4922750	2669
1528500	3627,21092,23774,28370
5742000	29465,25261,19523,16716,25830,11849,22307
2557000	4571,7868
2006000	25372,17060
5751500	11679,3228,12977,25488,1392
203750	25372,4728
8072250	11196,14020,19036,27033,23143,22
11751000	21110,10404
6523250	11196,14020
6848750	21336,8689,12160
3257000	679,15534
10592750	7868,25488
11283500	12220,21110
47000	23549,1591,4452
10642000	20536
2476250	21110,23202
4004500	1831
10063000	21110,2257,22393,8689
8573000	21110,7868,16110,28049,14020
5655250	11196,16406,14020
9513250	7868,11080,23662,23928
6250250	16564
9906500	21110
7699500	13592,23928,11080
7588000	10329
8940500	11080
12331000	28184,16609,18180,21758
11747250	18730,155,7868,679
2168250	7868,11679
5287000	18196,12394
12154500	7868,4949,11176,7105,20297,17640,12220
5155750	18024,3228,18805,11176
1629250	18024
6299000	7868,25830
2823250	2610,25329
8617500	27625
12004000	16540
11687000	8689
6571750	16540,155
2688750	7868
11300000	2963,11679
7383000	7868,21838
7476250	15019,29099,4949
6564500	11196,11176,4949,12977,18730
11612500	5848
5999000	26871,20630
8745250	679,8689
9946250	21865,155,2899,21110
3787750	26969,2610,19458
7657250	29445,7997
4963500	21110
1724000	7868,11080
4880250	25372
3954500	15584,12162
1118250	11176,21110,26665,10329,20297,24601,6672
1365000	14580
4902250	7868,18730
5467250	21110,12220
7918750	7868,11652
1904750	23928,12220
252500	23656,12541
12173500	3627,554,21110,28370,15405,28184,1325
4133750	25372,1831,15159,2655
11078500	18024,2655
6412250	15159,21110
3846250	11679,15584
3010000	4220,25372
3312500	19993,22280
10185000	6104,25770
236000	29203
6015000	24323,27092
10261750	14261,12285,11679,21657,23896,23628,5285
5226250	8689,14020
12239250	7868
11362000	7868,2963
1855750	7868,7105
6848000	11196
12015250	11080,23604
10816000	20747,27334
791500	10329,24831
6780500	10893,14261
12337750	21092,554
7545250	29099,11679
9199500	29099,24969
8216750	12285,7868
39750	16663,4896
1173500	21110,5598,25086,5848
5238000	29099,15018
7483500	21865,11080
2492500	20979
4782250	679,27791
1906000	21110,2683,12220,12285,1831,16540,2438
11734000	14261,679
8049000	20979,21092,27544
3590000	28924
6713250	2367
42000	679,4078
6872750	7868,14020
7715000	7868,679
745750	3228
154500	8689,21110,12168,12220
9278500	8943,24307
10609250	2963,8693,5330,5598,21919,2945,10948
4399750	6148,21110
7976750	3228
8757750	23928,26288
64000	12394,11080
10095000	14261,21092
11936000	26722,13020
2364500	11080,12329
7898750	7868,16110
10715500	2655,21110
448250	15911,19962
8111500	11080
11625250	18990,28017
4259500	11176,29099,4949,26722,15019,12977
12015000	15138,12285
11558000	25372,14020
969750	2963
10966250	251,4949
7269750	19475
8508750	6290,4694
6257000	12285
4256000	11679,27791,20297,3627
5962750	2683,7105,24196
371250	21110,25596
11794250	12220,29099
7345250	23656,15138
10492250	7868,4949
2187500	2963,12162,23628
3288250	7868
2940000	26722,12168,11767,14580,2683,2257,11080
3410000	12855,16463
8216500	22552,2257,12394,3228
2076000	7868,26722
6155250	14020,4220
9394250	11196,25372
4631250	7868,29099
3799500	21768,21838
5293250	679,12220,16550
1086750	7868,11080
5261000	21672
9352750	18075,28759
4886500	21110,12285
7003500	11196,14261
4501000	970
5052000	7868,12220
3511000	14020,29203
9173750	16110,11196,11679,16540
3861500	7868,11080,4949,14533,20470
1838750	21110,16818
8949750	16818,17438
4118250	5185
7787500	17771,19217
8051750	12220,20297
11313000	11196,3228,7105,12977,11679,23143
