6619500 0.0719404110881
7269750 0.0216424894712
145750 0.0622614982928
2350750 0.0137647479442
12008000 0.073537334339
6140500 0.0
425500 0.0190665039658
4853750 0.0178207739308
5980500 0.0
4256500 0.0271199072541
2891500 0.584641554529
9039750 0.114604288833
4115500 0.0492113564669
12215000 0.169037551956
591750 0.0
3404000 0.553473453195
5256500 0.0665923107204
7367000 0.145275582072
4956000 0.040710584752
7927750 0.094318335665
4153000 0.136510164251
9982500 0.0443641143608
4606000 0.0
6572500 0.0207307592641
10443000 0.118350300489
1710500 0.0420795374579
9706000 0.332732123398
3913250 0.311633484607
1627000 0.0
9351750 0.0927707237827
4620000 0.0178207739308
6874250 0.714821715055
5292000 0.0923843187661
1194750 0.293808362076
5108000 0.247228534644
1617250 0.214074776036
4054000 0.0331425128051
5440500 0.0272851296044
8145500 0.014234200038
567250 0.0938748335553
12371000 0.184103878918
6867750 0.0
1319000 0.0369774110781
1832000 0.0372425879947
3188000 0.0385458086505
8430000 0.0251872021784
29750 0.0
980000 0.0
3249250 0.068347509113
6099250 0.0909962464048
10047250 0.0292711484047
2050000 0.126587312107
11772000 0.0
10533750 0.101321945381
10915250 0.0
6458000 0.00325732899023
4557250 0.0241803278689
6250250 0.0
405000 0.0127981021351
1815750 0.0232447817837
3031750 0.331751728172
3573750 0.0473996633295
5170500 0.0919075672467
11111500 0.0590494479117
6996000 0.0335892514395
7016500 0.0407905010635
3335000 0.0
6264750 0.012206646716
9202750 0.0
10302500 0.165437003405
452750 0.167673938679
3114000 0.0637511156445
9015000 0.0
5911250 0.0
9716500 0.0482792770488
8435250 0.211921868551
8869250 0.0
6126750 0.0406173842405
8909750 0.0601624385842
1579250 0.157157111756
764750 0.0126481160964
2910750 0.0
12417500 0.0583578191316
8156500 0.136695018226
418500 0.0254329659683
3245250 0.0115673799884
4423500 0.0905000775715
2253250 0.0700964112936
10654750 0.0139143634179
6766250 0.101321945381
11632250 0.0467027834859
5034000 0.029180608513
8845250 0.465614118069
154750 0.0
11493000 0.194285265719
9079500 0.0804014259144
8730250 0.463346390599
65500 0.129632630385
232000 0.089539689071
832250 0.124867409792
2852250 0.0287995333746
4503500 0.0901089689858
11142000 0.0520034100597
6751750 0.0535499953836
12204750 0.0308912452896
10521000 0.12038423798
5812000 0.360536329453
7568750 0.0273832905273
12065000 0.0160685591859
190500 0.0297703430678
3977750 0.0592970089541
10401500 0.158079769484
4814750 0.0123484508307
11307500 0.108700679957
3588500 0.144590762724
282500 0.0655037464802
10885750 0.00790201501383
2807500 0.279350240174
725000 0.0281039568145
10322250 0.0732779677577
3148500 0.197492701357
11169500 0.0820455936353
7149500 0.0120491939505
3075000 0.0
4102750 0.0515525716341
848500 0.0806234883096
3293750 0.0923843187661
341000 0.0286176433993
5139250 0.106138202331
6654750 0.0276041666667
5957500 0.0263074818478
4475750 0.271789048279
7190750 0.030637254902
7445000 0.0401662049861
12231250 0.041967962485
1441500 0.01416008347
9842500 0.186883492453
7320250 0.0436604959832
3009000 0.283277910768
2331750 0.225824343751
4907500 0.0838369693396
6299000 0.0130105215522
4454500 0.150988174639
2251750 0.0617422541536
382250 0.0
5952250 0.0507717303006
239250 0.104642313546
4804500 0.00739957716702
9044750 0.0
10696000 0.132006498781
5199750 0.0238384188627
3952000 0.120813553198
2756000 0.0
140500 0.038988657845
11496750 0.0255488266465
71250 0.00325732899023
7600250 0.0663031169915
6433000 0.0130483064964
2704750 0.0971349148687
6515500 0.0143791586782
7405250 0.0126481160964
415500 0.0807887169656
528250 0.0872924543811
3226500 0.0449212556812
6334000 0.0226570545829
1189000 0.198137707389
4378500 0.0456873180038
7211250 0.026651216686
5754500 0.154668112042
7810250 0.0225272422464
7513250 0.0142532626609
3520000 0.315443421087
4852000 0.0280265819127
7886000 0.121712169332
1517000 0.0590494479117
3549000 0.0146905796658
3396250 0.0278692005521
8353250 0.144860046235
8123500 0.0137947894112
573000 0.0924011088133
4097500 0.0
8910750 0.20601472088
299750 0.0400578089164
1969000 0.10518585938
5011500 0.180648617394
4035250 0.0625904794346
12275500 0.0725576574242
3795000 0.0402629912236
8528750 0.0518268981601
4376250 0.225010447931
4304250 0.055336940482
1531250 0.0957461881355
10018000 0.0
5027500 0.0
2103250 0.210909551034
5735000 0.0
5279750 0.146403816251
5828250 0.0251308179565
6233750 0.11333909024
11761750 0.0497205487407
6205000 0.0131864722308
9069000 0.297481636936
2797750 0.042599805258
9420500 0.0
9794000 0.0259924385633
8040000 0.316731224077
6266000 0.0295247239558
5059000 0.05775
7450000 0.110837979018
2626250 0.0240141557128
9685000 0.0344737014906
11225500 0.105263157895
4370750 0.0836620239122
8523250 0.0352327496797
3903500 0.0376096949436
9244000 0.24943329625
8102000 0.0322118826056
1792000 0.0843025416171
10713250 0.0559820857326
8633500 0.0416613254711
6412750 0.0661214811212
9463750 0.0
2492500 0.178590640129
11352000 0.0139379297528
1782250 0.123432413169
11782250 0.0158040300277
9979000 0.0747376994203
1074500 0.0625452789181
6354500 0.0
6272000 0.143265124097
11874000 0.1438268986
7218000 0.224552448935
11022500 0.0
11579750 0.0631870336195
10790500 0.0166852057842
3272000 0.0
3089500 0.00966974114847
5248750 0.100767754319
5608250 0.0
2616250 0.0
10831750 0.018779342723
10312750 0.183349482
8701250 0.0144191642192
7921500 0.0796279331971
3344750 0.299849027063
11601500 0.0815018066234
1699500 0.0492113564669
9802000 0.131785214138
11321750 0.252614975264
5780000 0.824129141886
11701500 0.0705078683077
6897000 0.0528411701639
3981750 0.121378798632
9344000 0.0251872021784
854250 0.0508010941774
3326250 0.0842821233181
10477000 0.0
9488750 0.0
1324500 0.232884499236
8017000 0.118297761583
5068750 0.0
4994000 0.0126481160964
10566000 0.0395914030096
7797000 0.0780631293133
5336750 0.129026312152
1118250 0.224497971538
3282250 0.0566301199835
981000 0.140397224162
4336750 0.0139605462822
10064500 0.0713327109348
1244250 0.147264198238
2737250 0.0
6458250 0.0272851296044
6998500 0.11475200816
11535250 0.065241532482
7163250 0.109784993418
6172000 0.0304630381803
1525000 0.0943660568625
4844000 0.142848847338
1492500 0.0545340000787
3035250 0.0251308179565
731750 0.1200798453
7545250 0.0499681054646
5082750 0.0
10628500 0.577272287707
11391250 0.0369978858351
2088000 0.123023359851
7687500 0.255043790755
1561250 0.116122116797
6754250 0.0265271717572
2200750 0.156336341868
7854500 0.211115071423
4087750 0.0
317500 0.0
1446250 0.0857262754032
11646500 0.0
9782000 0.0800196738678
5491500 0.240974979226
6014750 0.0
4782250 0.0788982929278
4850000 0.0560430967069
10598500 0.0667607468519
11339250 0.00873209919665
266500 0.0538547175063
620500 0.0883233051256
7306250 0.054884133496
11137750 0.0674200590728
3895750 0.0302391642995
5082500 0.0
6768000 0.0
69500 0.110416666667
2808500 0.0137799448802
364250 0.0229038040231
10000250 0.0450630883237
200250 0.128153461755
7286500 0.0
10054250 0.210565455697
650750 0.0195993031359
10976250 0.0673144876325
6700250 0.0279538387945
6380000 0.0362298951529
12386500 0.0170863309353
2316250 0.151684311838
10773000 0.191735467918
11131750 0.0397460253975
12028500 0.125170083716
11847750 0.0113285272915
805750 0.0
1530250 0.0
5254500 0.178007026284
1838000 0.0101543460601
9807250 0.143388666285
4186500 0.0127502231289
1140750 0.206958706576
7103000 0.113886224452
847750 0.0592731519162
3963750 0.317094747117
6683250 0.0
5693000 0.0265853658537
11114000 0.0269220584341
6358500 0.0083426028921
11730000 0.214905060868
3552000 0.0
1909250 0.357628150087
5910250 0.0337244431954
10592000 0.0574379206312
3054250 0.0650344299923
1381000 0.0837138508371
6400000 0.186772608882
3719250 0.0405416939315
10972250 0.0306803023566
1971500 0.388952772074
10653250 0.09474140109
7435500 0.0611449561011
6603750 0.0
691500 0.291975662038
3405000 0.0144613757313
38250 0.127791906932
2771250 0.128618923969
12061000 0.0211180124224
1247000 0.0621987438532
3684750 0.0370453524921
3317500 0.122934546898
9972250 0.0268501805054
2870250 0.212167153878
8997500 0.0
7323750 0.0284586196288
5354000 0.0970402717128
8324500 0.0658783783784
7361250 0.0263404965575
5968250 0.0679711637487
380000 0.107611254344
1911500 0.0438235073788
1793250 0.0396852145192
2921750 0.172262807365
434750 0.161755941295
5847500 0.0376096949436
5522250 0.0423064041319
8060000 0.0230211598746
4770500 0.28677733257
5654000 0.122934479245
3592750 0.0713327109348
8792750 0.0
4895250 0.178942099607
11590500 0.0536757711646
11440500 0.145960458872
2378500 0.138974404081
3846250 0.203646276197
4712250 0.0363156157148
6150750 0.0780985503678
3581250 0.146885031222
10112000 0.0116756958715
2874500 0.108333507952
2232500 0.0988547767374
4967250 0.118838654585
11046750 0.0093896713615
9123500 0.223963034312
4047000 0.0850204905499
11434750 0.105495382977
5906250 0.0386644287256
5239500 0.069625484835
10212500 0.0626149182527
10845500 0.0
3216500 0.0778164743929
2788750 0.167239980983
6564500 0.354290120951
1966250 0.0719000382966
5846250 0.054188225423
267250 0.149334218277
1104500 0.043559118077
3266750 0.0499681054646
5187750 0.0270991411657
1063000 0.111917428719
4876750 0.0655297391755
4809000 0.0358914121639
5121750 0.0
1047000 0.0
2920750 0.235021690702
5226500 0.0719566566962
8702500 0.263150897113
621500 0.0807190798616
10774750 0.0542807796694
9436000 0.0405851018855
7568250 0.0
5078750 0.245010051694
9586500 0.10993421397
10768750 0.043764919859
1148000 0.0
1661750 0.136427285457
10578000 0.0694641338248
5898500 0.0526149636957
6234000 0.163716814159
835000 0.212948137835
10933250 0.0
11896000 0.0729361474753
747500 0.0
3723750 0.100352492626
9076750 0.041456339508
4193750 0.024413293432
3211250 0.204170412691
5438000 0.0
1074750 0.275274219529
563500 0.0676202750598
9055750 0.0118733509235
4658500 0.176662438848
3661500 0.0
3014750 0.0925390399075
10944750 0.0757269789984
2322750 0.0113285272915
11552750 0.0271805273834
3849750 0.0111964171465
8100250 0.0240983879009
10546500 0.0
8172250 0.0
1165500 0.0241654852429
2988000 0.080366206715
2182750 0.073152557159
11340250 0.0509020618557
9671750 0.0144479367332
11397250 0.0
3644250 0.215748743394
11564250 0.158626767309
12377250 0.236391390958
1046250 0.0627984652331
5220750 0.0806316494932
7034000 0.107569987305
5037000 0.18879218521
5745000 0.0
2386250 0.0961945031712
6497000 0.0469483568075
6683750 0.104641949674
4852500 0.193916886047
2138750 0.0138092936546
2448250 0.0373688497102
9121750 0.158385093168
5865750 0.235272944679
9811750 0.0141818181818
1499750 0.0
12027000 0.0054784514244
7860250 0.0
10297000 0.117848363619
8230750 0.0607683592543
417250 0.0454406208516
1110750 0.0698567935732
3625250 0.0937797160376
4809750 0.0254510309278
9179500 0.211796788203
4184250 0.286649170994
1240250 0.0509020618557
5320000 0.0273308183848
9288000 0.0386209116144
5264500 0.0860222207438
10513000 0.00614854894245
11616250 0.0113285272915
4063000 0.0376676035571
9782500 0.0383470935837
1181250 0.123280854144
7375000 0.0566426364573
8170750 0.00992344768925
8666500 0.0
12384250 0.0357122118344
8622000 0.0
10264750 0.0083426028921
9592500 0.0146115555115
9628250 0.041257367387
11716000 0.0
6848750 0.169282589069
10756500 0.0453945196434
6977000 0.0
1985250 0.0
309750 0.0300030003
2882750 0.0840007450177
8129250 0.116149068323
7892000 0.0957636614846
2198750 0.0716052222925
8195000 0.106704056655
11737250 0.0
7116750 0.106924643585
7322250 0.0248917748918
11129250 0.0292585456362
9215000 0.0284884244663
5143250 0.247356775437
9438000 0.0
5726500 0.0664777044007
7060500 0.0
139000 0.0
4447000 0.0
1025250 0.0655694085449
8822250 0.0278692005521
1727500 0.0817304037102
12229000 0.107729833324
8799750 0.170055212286
9512750 0.115673799884
3675000 0.109680360093
3215500 0.0
1459750 0.025942580422
9212500 0.0252962321928
7002750 0.0335892514395
472000 0.217893694289
4257000 0.0399763812199
6849750 0.186731601445
83250 0.0854513584575
7830250 0.0308912452896
3168000 0.00873209919665
1688750 0.0767415636485
5769750 0.169814844459
2676250 0.0
10818500 0.127255154639
12016750 0.202865904958
3096750 0.0219594594595
4317250 0.0906282183316
1114000 0.0124141959982
7494250 0.0
19500 0.122434701493
2752000 0.206080016801
8248750 0.0
6694750 0.24394650081
11984750 0.100628472391
5539250 0.0575398979481
10119250 0.0
9437500 0.0701750903244
11939000 0.0276328436084
1953250 0.229432953753
10229250 0.0920846394984
11141500 0.0
711500 0.377024346651
6301250 0.211338083746
764000 0.0339855818744
3288750 0.0
5061750 0.0
10257500 0.0198258435702
965500 0.0504846526656
3742000 0.20024821717
861750 0.039693790757
4547500 0.0145531891075
6458500 0.0417130144605
82250 0.0
6258500 0.0275895788224
6904000 0.0265271717572
393250 0.0730130864986
2132250 0.0105590062112
4399750 0.0615730932203
9720000 0.0415923945336
4189500 0.0127981021351
10057000 0.0
5899750 0.0405416939315
8529750 0.131864722308
2768250 0.0137947894112
9163000 0.133430373605
887750 0.125851266685
10619000 0.0134372480516
2078000 0.137948023156
2968250 0.106099714713
10234000 0.362156066757
4195500 0.125376553948
1724250 0.135967110521
2975500 0.23400693531
11613500 0.0
6807250 0.136297268697
5901250 0.0516803496545
4421250 0.0
12388250 0.0277282630224
5959000 0.124458874459
11121500 0.0979894716814
11947000 0.232298136646
8314250 0.160929549568
11158000 0.186319998779
9694750 0.0557401484334
4059500 0.0642650032894
10393750 0.0789534569853
3524750 0.0469094922737
11949750 0.124181873347
1338750 0.089396920522
1622500 0.174053583639
3892750 0.0
5948500 0.0
3363000 0.0395914030096
7785250 0.0133068808671
10052000 0.140593738171
1812000 0.0732398802961
12142750 0.0145555338886
8070000 0.0133614627286
2033500 0.271934221042
9973000 0.0
8346250 0.0203086921202
10309250 0.0934894116973
6061250 0.168184330026
4025000 0.00992344768925
1206500 0.0
2480750 0.0563839117905
7269250 0.151843817787
8243500 0.224053141515
3304500 0.390015319094
9352750 0.063855477639
2148250 0.0
4073250 0.0547982551799
10224750 0.0694641338248
3310750 0.121764874415
11631250 0.0
5110750 0.095291112712
8385000 0.142236270249
10840750 0.0
746000 0.0766932670329
599750 0.120236639798
1449250 0.0
4921000 0.104975943013
4716750 0.131373753603
5407750 0.0908785610144
8280500 0.0368912936547
9103250 0.0251308179565
3734250 0.0119637668775
11494250 0.0380494205117
6957500 0.152506678351
984500 0.102210007495
8163500 0.100292906126
8096750 0.147809728568
3781500 0.0139605462822
8271000 0.0221092195446
439000 0.440395373269
8649250 0.0468069329873
6003750 0.291550329239
12234750 0.160326628162
10799000 0.0
11923000 0.0
7143250 0.374375056072
2733500 0.0248917748918
3295250 0.0
11894500 0.0248917748918
11220500 0.018779342723
5697750 0.0368912936547
1934750 0.0
892500 0.254255046683
776750 0.263512870842
1767500 0.0687239055847
6571000 0.164785992218
10588000 0.0752775208141
8160750 0.0534623217923
10185750 0.0
5642000 0.152292313416
6247250 0.0707402297925
1459000 0.0133874988459
5465250 0.0
8215250 0.0136654091924
5915250 0.0817304037102
5987000 0.0
6852750 0.0782374376091
8861500 0.0
11972750 0.109453293396
10539250 0.0628863015668
8628250 0.0690031564164
887500 0.014799154334
2428500 0.0413696388921
11711250 0.173630266252
4037500 0.0123484508307
11527500 0.0373688497102
7703750 0.164183222958
4392000 0.0119637668775
6921750 0.0675106210977
5440750 0.21974805955
11503250 0.0143572232354
4215750 0.252908952777
11683250 0.0462695199537
6067750 0.00907890392869
5994250 0.0
7184500 0.176366072469
9651250 0.0650910499806
8848250 0.0
6900500 0.0122793553338
8033500 0.143740077115
7893250 0.0
10979500 0.0
3350250 0.206659780033
4625750 0.210037585673
448250 0.0261962975899
6571750 0.0684703433923
1620500 0.0865785567885
11032250 0.0
799000 0.115220872554
4533750 0.0621922777922
10069500 0.13729261021
3751500 0.0314587164844
6634500 0.010365379632
3149000 0.0535499953836
5012750 0.161802355351
9035750 0.0383491599708
10927500 0.0
9394500 0.124305261321
4922750 0.119101436172
1528500 0.239404154621
5742000 0.232121408553
2557000 0.0
2006000 0.0
5751500 0.170836198233
203750 0.0
8072250 0.15568207266
8555500 0.10867021968
11751000 0.0
6523250 0.0
3257000 0.0
10592750 0.057610436277
11283500 0.0339855818744
47000 0.0402978200798
10642000 0.255167647153
2476250 0.0
4004500 0.0522239771743
10063000 0.0818343651194
8573000 0.0978748294014
1641000 0.0
5655250 0.126885437374
9513250 0.130847235852
2168250 0.104975943013
9906500 0.131156443311
7699500 0.289147875943
8940500 0.131024421872
12331000 0.140593738171
11747250 0.0937635425285
5287000 0.0
12154500 0.445231758489
5155750 0.134897772782
1629250 0.114989975233
4680000 0.0124768287466
2823250 0.0258610556013
8617500 0.142352325277
12004000 0.104416496051
11687000 0.0205243644068
9839750 0.0138641315112
2688750 0.0816709064132
11300000 0.0605710754821
7383000 0.0
7476250 0.0941208566362
11612500 0.0897720662119
5999000 0.0182441397612
8745250 0.0274983718069
9946250 0.072148720063
3787750 0.073537334339
7657250 0.0754996798005
861250 0.0138897861619
4963500 0.0625052970591
1724000 0.0140702693842
3954500 0.0406487117485
5024500 0.135742523909
1365000 0.0322118826056
4902250 0.0966402105523
5467250 0.0386209116144
7918750 0.0139605462822
1904750 0.0363901018923
252500 0.0694872020406
9199500 0.0503744043567
12173500 0.393022478881
4133750 0.186883492453
11078500 0.0275586296336
6412250 0.0474934036939
1758250 0.0833226509422
3010000 0.0221987315011
3312500 0.0136830102623
10185000 0.0
236000 0.0480283114257
6015000 0.0
8216750 0.0266692065911
10261750 0.459649041578
5226250 0.114399328591
12239250 0.158570225137
11362000 0.092760830066
1855750 0.0
6848000 0.0524175213459
12015250 0.0
10816000 0.0
791500 0.147633301202
6780500 0.0498567496208
12337750 0.0248283919965
11957000 0.120739104635
8327250 0.0018261504748
4880250 0.0392541707556
39750 0.0
1173500 0.24795545502
5238000 0.148560002806
7483500 0.0
11167500 0.0
1906000 0.251719134439
11734000 0.0663912658601
8049000 0.14887472615
11535500 0.0
3590000 0.0370453524921
6713250 0.235087417446
42000 0.0416693584857
6872750 0.0120491939505
7715000 0.0813390510444
745750 0.0891531822097
154500 0.176254578041
9278500 0.0
10609250 0.103579621081
1806750 0.0414615185281
7976750 0.0495269071555
8757750 0.0470104974897
64000 0.0
10095000 0.10365379632
11936000 0.0280164905354
2364500 0.0244869402985
7898750 0.0389928275967
10715500 0.0
8149250 0.152072161433
8111500 0.0777472633737
11625250 0.138367623785
4259500 0.121004705739
3001000 0.0109569028488
12015000 0.0670409038902
11558000 0.0488265868641
969750 0.0716943331425
10966250 0.0833007012922
7588000 0.131776235451
8508750 0.0
6257000 0.0848703064149
4256000 0.109489879277
5962750 0.114231509192
371250 0.0426209949608
11794250 0.0456873180038
7345250 0.025822153627
10492250 0.201364098798
2187500 0.0831134564644
3288250 0.0765013387734
2940000 0.427012395417
3410000 0.0
8216500 0.272853011442
2076000 0.0279099560761
6155250 0.131756756757
9394250 0.11765458734
4631250 0.0516803496545
3799500 0.0166852057842
5293250 0.152302645593
1086750 0.198818718764
5261000 0.101098420679
4886500 0.0607038923245
7003500 0.0214745884037
4501000 0.0
5052000 0.0379443482892
3511000 0.0542807796694
9173750 0.163716814159
3861500 0.0746671091384
1838750 0.0209284627093
8949750 0.0534983252698
4118250 0.0139379297528
7787500 0.0124768287466
8051750 0.0289453201012
11313000 0.201678799584
