13737 0.000550155877499
11543 0.000916926462498
23448 0.000229231615624
13734 9.16926462498e-05
29446 0.000687694846873
28992 0.000229231615624
22664 0.000916926462498
10893 0.00142123601687
26576 0.000550155877499
5987 0.0001833852925
10895 4.58463231249e-05
13020 0.00119200440125
24715 0.000687694846873
22269 0.000275077938749
19405 0.000504309554374
19402 0.000229231615624
14294 0.001100311755
16670 0.000137538969375
16672 9.16926462498e-05
16674 0.000366770584999
19379 0.000275077938749
6152 0.000275077938749
6154 0.0001833852925
6158 0.000733541169998
13592 0.0012836970475
4731 0.000366770584999
13607 0.0001833852925
11519 0.000137538969375
4738 0.000137538969375
5856 0.000366770584999
11541 0.000229231615624
25669 0.000641848523748
27179 0.000229231615624
3776 0.000137538969375
3775 9.16926462498e-05
25289 0.0001833852925
26378 0.0001833852925
19973 0.000871080139373
17389 0.00220062350999
19974 0.00151292866312
25117 0.000458463231249
22484 0.00330093526499
12018 0.000733541169998
11734 0.000596002200624
1155 0.000275077938749
22489 0.000137538969375
12013 0.000229231615624
26394 0.000916926462498
19574 0.000275077938749
25596 0.000825233816248
7997 0.000916926462498
12431 0.000641848523748
11767 0.000733541169998
17032 0.0001833852925
20747 0.000412616908124
10702 0.00160462130937
9250 0.0001833852925
22908 0.0001833852925
24887 0.000275077938749
24886 0.000871080139373
7868 0.0180176049881
16818 0.00105446543187
2042 0.000366770584999
2043 0.000229231615624
6051 9.16926462498e-05
4819 0.000320924261874
11631 0.000137538969375
21925 9.16926462498e-05
9413 0.0001833852925
11612 0.000916926462498
10635 9.16926462498e-05
2513 0.00114615807812
6374 0.0001833852925
19394 0.00114615807812
24088 0.000275077938749
24083 0.000229231615624
24081 0.000687694846873
24087 0.000137538969375
8943 0.000412616908124
7260 0.000825233816248
3515 0.000916926462498
6203 0.0001833852925
2685 0.000137538969375
2683 0.0107738859343
14625 0.000366770584999
14626 0.000229231615624
26972 0.0001833852925
3999 9.16926462498e-05
15718 0.000275077938749
15716 4.58463231249e-05
6805 0.0001833852925
15860 9.16926462498e-05
29363 0.000320924261874
29364 0.000366770584999
20411 0.000320924261874
1995 0.000137538969375
5184 0.000229231615624
5185 0.0016504676325
13054 0.000366770584999
3534 9.16926462498e-05
1758 0.000825233816248
554 0.00316339629562
14712 0.000229231615624
14242 0.000366770584999
28561 0.000229231615624
14240 0.0001833852925
15661 0.000366770584999
26806 0.0001833852925
17823 0.000504309554374
26800 9.16926462498e-05
14248 9.16926462498e-05
5458 0.000320924261874
20253 0.0001833852925
20256 9.16926462498e-05
7071 0.000504309554374
1197 0.0001833852925
18630 0.0001833852925
1752 0.000137538969375
12491 9.16926462498e-05
15911 0.000596002200624
29385 4.58463231249e-05
13942 9.16926462498e-05
4254 0.001100311755
28694 9.16926462498e-05
27618 0.000458463231249
27615 0.000320924261874
28362 0.000229231615624
14408 4.58463231249e-05
1282 0.000366770584999
28368 0.0001833852925
28369 9.16926462498e-05
26716 9.16926462498e-05
8764 0.0001833852925
8767 0.000137538969375
8763 9.16926462498e-05
684 0.000137538969375
8769 0.0001833852925
7186 9.16926462498e-05
22950 0.000550155877499
13830 0.000412616908124
23612 0.00132954337062
14887 0.000229231615624
7456 0.000366770584999
4389 0.000137538969375
6571 0.00197139189437
24415 0.000137538969375
24417 0.000320924261874
5627 0.00192554557125
28184 0.000733541169998
28183 0.0001833852925
5620 0.000458463231249
8495 0.000137538969375
28744 9.16926462498e-05
23295 0.0001833852925
5736 9.16926462498e-05
28967 0.000366770584999
23475 0.000687694846873
23470 0.000366770584999
10480 0.000320924261874
28985 0.000412616908124
23273 0.0001833852925
11578 0.000458463231249
4039 0.000825233816248
11378 0.0001833852925
26568 0.000137538969375
19381 0.000137538969375
7522 0.000137538969375
24704 0.000412616908124
15032 4.58463231249e-05
19416 0.000458463231249
25058 0.001100311755
16668 0.000137538969375
18891 0.000137538969375
6147 0.000320924261874
12717 0.000458463231249
398 0.000366770584999
10970 0.00119200440125
6783 0.000229231615624
27389 0.000137538969375
23878 0.000366770584999
2306 0.000137538969375
5845 0.000504309554374
16067 4.58463231249e-05
19702 0.000275077938749
11280 0.000550155877499
27149 9.16926462498e-05
5848 0.00160462130937
21110 0.00151292866312
17629 0.000229231615624
16483 0.000137538969375
3740 0.000504309554374
16481 0.0001833852925
241 0.00100861910875
4626 0.0001833852925
16716 0.000687694846873
25989 0.0001833852925
16243 0.0001833852925
2270 4.58463231249e-05
12008 0.0001833852925
16396 0.000137538969375
24514 0.000137538969375
2455 0.0001833852925
9242 0.000550155877499
9532 0.000275077938749
2452 0.001833852925
7850 0.000550155877499
7856 9.16926462498e-05
178 0.000412616908124
13285 0.0001833852925
17531 4.58463231249e-05
14161 9.16926462498e-05
24892 9.16926462498e-05
3699 0.000137538969375
16800 0.000366770584999
3774 0.000229231615624
13442 0.000229231615624
21930 0.0012836970475
14165 0.000458463231249
21936 0.0001833852925
11624 0.000229231615624
26034 0.0001833852925
7989 0.000229231615624
6364 0.000229231615624
10151 0.000275077938749
10404 0.000641848523748
1010 0.000275077938749
27965 9.16926462498e-05
9620 0.000962772785623
27961 4.58463231249e-05
3528 4.58463231249e-05
21739 0.000137538969375
14894 0.000412616908124
16939 0.001100311755
12220 0.00256739409499
3082 0.0001833852925
6219 0.000229231615624
14873 0.000366770584999
15874 0.000137538969375
26969 0.000916926462498
14097 9.16926462498e-05
29375 9.16926462498e-05
20393 0.000229231615624
10570 0.000687694846873
13067 0.000137538969375
21427 0.000137538969375
18937 0.000366770584999
7323 0.001100311755
1966 0.000412616908124
1962 0.000320924261874
13265 0.000137538969375
8842 0.000458463231249
15672 0.000229231615624
11963 4.58463231249e-05
18712 0.00114615807812
14273 0.000229231615624
14276 0.000137538969375
17835 0.000779387493123
5448 0.000229231615624
11330 0.000825233816248
5443 0.000504309554374
22482 0.000687694846873
7061 0.00210893086374
18628 9.16926462498e-05
15907 0.000366770584999
8628 0.000871080139373
8625 9.16926462498e-05
12489 0.0001833852925
24553 0.0001833852925
1546 0.0001833852925
24392 0.000229231615624
14470 0.000366770584999
19941 0.0001833852925
1548 0.000137538969375
542 0.000366770584999
8719 0.000412616908124
13844 0.000458463231249
8028 0.0001833852925
8530 0.000229231615624
9985 0.001100311755
8027 0.00100861910875
26634 0.000137538969375
5619 0.000137538969375
15315 0.00215477718687
11022 0.00146708234
11029 9.16926462498e-05
414 0.000275077938749
27033 0.0001833852925
7680 0.00105446543187
1385 4.58463231249e-05
28221 9.16926462498e-05
23284 0.00275077938749
23285 0.000229231615624
23465 0.000229231615624
8446 0.000275077938749
23260 0.0001833852925
20279 0.000137538969375
22393 0.00187969924812
14266 9.16926462498e-05
4281 0.000871080139373
25917 0.000641848523748
13998 0.000366770584999
19179 0.000275077938749
28641 0.000871080139373
26736 0.000229231615624
20626 0.000275077938749
22246 0.0016504676325
22244 4.58463231249e-05
360 0.0001833852925
22240 0.000458463231249
22027 0.0001833852925
16653 0.000412616908124
25733 0.000504309554374
22029 0.000550155877499
9522 0.000366770584999
12729 4.58463231249e-05
12728 0.000229231615624
6174 0.0001833852925
6175 0.000275077938749
6171 0.0001833852925
27396 0.000137538969375
27394 0.000366770584999
29465 0.000687694846873
23861 0.001100311755
27390 0.000137538969375
19772 0.000275077938749
5876 0.000137538969375
27155 0.000641848523748
27153 4.58463231249e-05
25138 4.58463231249e-05
22732 0.000137538969375
259 0.000366770584999
2198 0.00137538969375
16722 0.00119200440125
25420 0.000825233816248
251 0.00123785072437
25427 0.0001833852925
25424 0.000229231615624
255 0.000596002200624
2208 0.000916926462498
20896 0.000412616908124
2421 0.000550155877499
19824 0.0001833852925
16343 0.000137538969375
21632 0.000550155877499
25641 4.58463231249e-05
19829 0.000137538969375
19828 0.000137538969375
28876 0.000504309554374
6352 0.000962772785623
3995 0.0001833852925
4835 0.000229231615624
4834 0.0001833852925
13450 4.58463231249e-05
13451 0.0001833852925
7990 0.000137538969375
11638 0.000137538969375
2519 4.58463231249e-05
6193 0.000137538969375
11635 0.0001833852925
6199 0.000229231615624
23340 0.000366770584999
9340 0.000320924261874
9612 0.000229231615624
10169 0.000229231615624
23342 4.58463231249e-05
2739 9.16926462498e-05
21706 0.0001833852925
17748 0.00132954337062
10368 4.58463231249e-05
3536 0.000137538969375
27977 0.0001833852925
5053 0.000733541169998
16903 9.16926462498e-05
7208 0.00119200440125
4958 9.16926462498e-05
22523 9.16926462498e-05
12212 0.000229231615624
12610 4.58463231249e-05
20386 0.000320924261874
26959 0.0001833852925
18544 0.000687694846873
20388 9.16926462498e-05
18542 0.000137538969375
20470 0.000275077938749
13070 0.0001833852925
24172 0.000275077938749
24177 0.0001833852925
3228 0.00540986612874
18946 0.000137538969375
24178 9.16926462498e-05
13272 9.16926462498e-05
11244 0.000412616908124
8851 0.000137538969375
11969 0.0001833852925
805 0.0001833852925
15602 0.000137538969375
12927 0.000275077938749
18097 0.000550155877499
26829 0.0001833852925
3324 0.000916926462498
28504 0.000229231615624
14265 0.00169631395562
28508 0.000137538969375
14261 0.00513478818999
5478 0.0001833852925
9894 4.58463231249e-05
7059 0.000458463231249
1771 0.000229231615624
1773 0.000550155877499
18388 0.000733541169998
18167 0.000733541169998
8148 0.000550155877499
15931 0.000137538969375
15935 9.16926462498e-05
15934 0.000550155877499
8637 0.00334678158812
23071 0.0001833852925
17550 0.0001833852925
8630 0.000550155877499
26737 0.000275077938749
19036 0.0001833852925
24541 0.00123785072437
2999 0.000596002200624
24385 0.000412616908124
28438 0.000458463231249
57 9.16926462498e-05
11101 9.16926462498e-05
3032 0.00151292866312
28347 0.0001833852925
8704 9.16926462498e-05
539 0.000137538969375
13853 0.000229231615624
23676 9.16926462498e-05
12588 9.16926462498e-05
12583 9.16926462498e-05
12853 9.16926462498e-05
12586 0.000412616908124
26607 0.000137538969375
16754 0.000458463231249
26605 9.16926462498e-05
25960 0.000412616908124
15021 9.16926462498e-05
26608 0.0001833852925
15024 0.000229231615624
5131 9.16926462498e-05
1396 0.000137538969375
422 0.000137538969375
1392 0.001100311755
1390 0.000137538969375
3817 0.000275077938749
530 0.000687694846873
3074 9.16926462498e-05
23492 0.0001833852925
23251 0.000275077938749
19166 0.000458463231249
27019 0.0001833852925
12453 0.000641848523748
4294 0.0001833852925
11357 0.0001833852925
10680 0.000137538969375
28653 0.00275077938749
7542 0.000687694846873
24764 9.16926462498e-05
24765 0.000550155877499
19615 0.000641848523748
13209 0.0001833852925
12736 0.000229231615624
12737 0.000458463231249
3176 0.000137538969375
10999 0.000825233816248
13672 4.58463231249e-05
24616 0.000137538969375
25635 0.000412616908124
16009 0.000137538969375
5863 0.000366770584999
25415 0.00114615807812
17606 0.000825233816248
24944 0.000366770584999
17356 0.0001833852925
24942 0.000825233816248
17352 4.58463231249e-05
25386 0.000366770584999
25381 0.0001833852925
19903 0.000229231615624
22727 0.000550155877499
2217 0.000137538969375
23928 0.00238400880249
11793 0.0001833852925
8528 0.000137538969375
15344 0.000137538969375
11790 0.00100861910875
155 0.00320924261874
10082 9.16926462498e-05
21628 0.0001833852925
26973 0.000229231615624
16821 0.000779387493123
17512 0.000458463231249
17514 0.000229231615624
12110 9.16926462498e-05
10949 0.000275077938749
25090 0.0001833852925
4510 0.000412616908124
13460 0.000229231615624
17772 0.000137538969375
17771 0.0001833852925
17770 0.000137538969375
10171 0.000275077938749
5470 0.000137538969375
5285 0.000229231615624
2729 0.000458463231249
21919 0.000687694846873
9192 4.58463231249e-05
9195 0.00114615807812
21715 0.000137538969375
7230 0.000916926462498
7943 0.0001833852925
20661 0.000641848523748
5043 0.00132954337062
27946 0.000275077938749
1803 0.0001833852925
3787 0.0001833852925
8992 9.16926462498e-05
8996 9.16926462498e-05
16913 0.000366770584999
12209 9.16926462498e-05
21392 0.000871080139373
21393 0.0001833852925
10778 0.000687694846873
14853 0.0001833852925
18558 0.000229231615624
11826 9.16926462498e-05
20918 0.0001833852925
11823 0.000366770584999
14074 0.000229231615624
14073 0.000229231615624
8860 0.000733541169998
13084 0.000137538969375
18958 0.000137538969375
13086 0.000137538969375
21400 0.0001833852925
10247 0.0001833852925
17470 0.000550155877499
13240 0.000275077938749
13247 0.000962772785623
13244 0.000916926462498
12933 0.000229231615624
15617 9.16926462498e-05
9295 0.0001833852925
18771 0.0001833852925
7045 0.000275077938749
1494 0.0001833852925
5469 0.000320924261874
10097 0.0001833852925
28535 0.0001833852925
7048 9.16926462498e-05
5267 0.000320924261874
19955 0.0001833852925
5264 0.000137538969375
1704 0.0001833852925
10193 0.000825233816248
20045 0.001100311755
14182 0.000320924261874
5268 9.16926462498e-05
18392 0.000229231615624
15859 9.16926462498e-05
18172 9.16926462498e-05
6988 0.000504309554374
15924 0.000366770584999
8603 4.58463231249e-05
15921 0.0001833852925
6980 0.000229231615624
19814 0.000366770584999
26722 0.00385109114249
14451 0.000275077938749
26728 0.000733541169998
24571 0.000229231615624
14695 0.000229231615624
14694 0.00174216027875
28409 9.16926462498e-05
28401 9.16926462498e-05
18084 9.16926462498e-05
18086 0.000137538969375
527 0.001100311755
18080 0.000275077938749
15584 0.00160462130937
1015 0.000229231615624
19813 0.0001833852925
528 0.000366770584999
23662 0.000596002200624
28391 0.000504309554374
1237 0.000137538969375
8511 0.000229231615624
8049 0.000275077938749
28399 0.000137538969375
23669 0.000229231615624
27711 0.0001833852925
15811 0.0001833852925
14523 0.000229231615624
11000 0.000916926462498
26618 0.000458463231249
26619 0.00151292866312
14525 0.0001833852925
28710 9.16926462498e-05
26614 0.00192554557125
26546 0.000962772785623
6505 9.16926462498e-05
28087 0.0001833852925
24281 0.000687694846873
437 0.0001833852925
22621 0.000504309554374
3809 0.000275077938749
3804 0.000916926462498
9991 0.000137538969375
23482 0.000779387493123
23480 9.16926462498e-05
23241 0.000137538969375
19113 0.000229231615624
15322 0.000366770584999
6431 0.000137538969375
28662 0.000550155877499
24590 0.0001833852925
7552 0.000412616908124
28669 0.0001833852925
19339 9.16926462498e-05
16100 9.16926462498e-05
22280 0.00192554557125
26288 0.00220062350999
4172 0.000320924261874
13888 0.000504309554374
9948 0.000504309554374
5814 0.000412616908124
19023 0.0001833852925
16217 0.000550155877499
24978 0.000229231615624
17348 4.58463231249e-05
21345 0.0001833852925
12052 9.16926462498e-05
12055 0.00114615807812
239 0.0016504676325
24194 0.0001833852925
14490 0.000137538969375
21899 0.000275077938749
2227 0.000229231615624
27928 9.16926462498e-05
10694 0.000137538969375
27228 0.000137538969375
143 0.00119200440125
21657 0.000779387493123
141 9.16926462498e-05
21659 0.000229231615624
20701 0.000412616908124
20872 9.16926462498e-05
16361 0.000275077938749
21094 0.000229231615624
13471 0.000275077938749
7822 0.000366770584999
25570 0.00100861910875
25215 0.0001833852925
25214 4.58463231249e-05
25086 0.00137538969375
17180 0.000504309554374
17181 0.000137538969375
17760 0.0001833852925
27955 9.16926462498e-05
27950 0.0001833852925
17767 0.000229231615624
7070 0.000504309554374
9363 0.0001833852925
7957 0.0001833852925
10690 0.000137538969375
5077 0.0001833852925
22836 0.000229231615624
1831 0.000733541169998
25219 0.0001833852925
9563 0.00132954337062
9567 0.00123785072437
12271 0.000550155877499
6242 0.0001833852925
2159 4.58463231249e-05
6246 0.000962772785623
934 0.000458463231249
20902 0.000596002200624
27487 9.16926462498e-05
20456 0.000366770584999
14661 0.000596002200624
14393 9.16926462498e-05
14666 0.000137538969375
9709 0.000137538969375
1950 0.000137538969375
9702 0.0001833852925
14065 0.000366770584999
18967 4.58463231249e-05
13097 0.000229231615624
13093 0.000458463231249
13258 0.0001833852925
11904 0.000275077938749
26843 0.0001833852925
10232 0.0001833852925
1481 0.000733541169998
14209 0.000458463231249
7037 0.000412616908124
7038 0.000137538969375
20297 0.00261324041812
28524 0.000229231615624
28525 0.000320924261874
5492 0.0001833852925
26005 9.16926462498e-05
21501 0.000137538969375
5254 9.16926462498e-05
9389 0.0001833852925
6167 4.58463231249e-05
15828 0.000366770584999
23409 0.000229231615624
17084 0.000458463231249
15959 0.0001833852925
1138 0.0001833852925
18185 0.000366770584999
18180 0.00252154777187
18183 9.16926462498e-05
15918 9.16926462498e-05
15138 0.00270493306437
28410 0.000504309554374
28411 0.00114615807812
14446 0.0001833852925
28418 0.000229231615624
24565 0.0001833852925
13776 0.000137538969375
18026 9.16926462498e-05
17977 0.000458463231249
7611 0.000275077938749
17972 0.000504309554374
519 9.16926462498e-05
18743 9.16926462498e-05
18741 0.000962772785623
1008 0.000412616908124
29389 0.000137538969375
1004 0.0001833852925
8725 0.000137538969375
8724 0.00174216027875
1000 0.000550155877499
13878 0.000366770584999
5625 0.000366770584999
1222 0.000275077938749
624 9.16926462498e-05
23656 0.00142123601687
13872 0.0001833852925
8058 0.0001833852925
23120 9.16926462498e-05
5661 0.000412616908124
5660 9.16926462498e-05
5667 0.000229231615624
8296 9.16926462498e-05
11018 0.000779387493123
28707 4.58463231249e-05
14536 9.16926462498e-05
26665 0.000366770584999
14533 0.000596002200624
23013 0.000779387493123
23019 0.0001833852925
17882 0.000229231615624
22633 9.16926462498e-05
26523 0.00155877498625
23235 9.16926462498e-05
23236 9.16926462498e-05
19102 0.000137538969375
7567 0.000871080139373
15311 0.0001833852925
7560 0.000458463231249
19105 4.58463231249e-05
19 0.0001833852925
5712 0.000458463231249
27035 0.000596002200624
28899 9.16926462498e-05
7762 0.000137538969375
28675 0.000137538969375
19328 0.000137538969375
26712 0.0001833852925
26298 0.000275077938749
4762 0.000366770584999
6741 0.0001833852925
6740 0.000229231615624
23831 0.0001833852925
22529 0.0001833852925
11487 0.0001833852925
11482 0.000137538969375
4163 0.0001833852925
13891 0.0001833852925
21581 9.16926462498e-05
5803 0.000366770584999
19742 4.58463231249e-05
19745 0.000412616908124
201 0.0001833852925
202 9.16926462498e-05
19252 9.16926462498e-05
25169 0.00151292866312
19258 4.58463231249e-05
22749 0.00160462130937
26180 0.000320924261874
25366 0.00100861910875
12680 0.000275077938749
23907 0.000458463231249
12688 0.00265908674124
1577 0.000366770584999
21883 0.000733541169998
5936 9.16926462498e-05
16116 9.16926462498e-05
16110 0.00174216027875
19632 0.000733541169998
21865 0.00288831835687
7812 0.000733541169998
12189 0.000687694846873
20846 0.000229231615624
21869 0.0001833852925
4571 0.00238400880249
3658 0.00284247203374
21085 0.000229231615624
4578 0.000320924261874
25500 0.000229231615624
16376 4.58463231249e-05
20695 9.16926462498e-05
3651 0.0001833852925
16373 0.0001833852925
11665 9.16926462498e-05
26077 0.000137538969375
12182 0.000229231615624
11465 0.000550155877499
24966 0.0001833852925
24969 0.000229231615624
5067 0.00100861910875
4491 0.0001833852925
27927 0.000550155877499
10353 0.000596002200624
20608 0.0001833852925
17153 0.000825233816248
7963 0.000733541169998
17150 0.0001833852925
12475 0.000229231615624
25212 0.000733541169998
17405 0.000275077938749
17407 0.000412616908124
17401 0.000275077938749
17400 0.000825233816248
17402 4.58463231249e-05
16972 0.000366770584999
17081 9.16926462498e-05
2410 0.000366770584999
4499 0.000137538969375
17087 0.000641848523748
6820 9.16926462498e-05
10532 0.000137538969375
22994 9.16926462498e-05
834 0.0001833852925
21462 0.000137538969375
11304 0.0001833852925
22999 0.0001833852925
18977 0.000687694846873
11939 9.16926462498e-05
11936 0.000229231615624
11931 0.0001833852925
13226 0.000137538969375
15638 0.000458463231249
14233 0.0001833852925
18990 0.00270493306437
14942 0.00123785072437
15631 0.0016504676325
12914 0.000229231615624
7026 0.0001833852925
10225 0.0001833852925
3313 0.00105446543187
17177 0.0001833852925
10928 9.16926462498e-05
9392 0.000137538969375
21511 0.0001833852925
18575 0.000641848523748
15831 0.000733541169998
18572 0.000137538969375
15838 9.16926462498e-05
4381 0.000550155877499
15125 0.000137538969375
17453 0.000366770584999
18196 0.0001833852925
15946 0.000412616908124
28463 0.000871080139373
2438 0.000550155877499
28465 0.000320924261874
7360 0.000137538969375
18353 9.16926462498e-05
24352 9.16926462498e-05
9109 0.0001833852925
20338 0.0001833852925
17960 0.000229231615624
7150 0.000275077938749
1038 0.0001833852925
18758 0.0001833852925
504 0.00417201540436
1031 0.000641848523748
1037 0.000550155877499
7692 0.000962772785623
2437 0.000550155877499
1218 9.16926462498e-05
2436 9.16926462498e-05
6520 0.000366770584999
8269 0.0001833852925
15018 0.000687694846873
15019 0.00449293966624
5652 0.0001833852925
8261 0.000137538969375
15549 4.58463231249e-05
19837 0.0001833852925
11061 0.0001833852925
11060 0.000550155877499
26670 0.0001833852925
2891 0.000366770584999
1107 9.16926462498e-05
8005 0.000137538969375
23007 0.000229231615624
28065 0.000596002200624
8669 0.000137538969375
23735 0.000916926462498
28286 9.16926462498e-05
22359 0.001100311755
22609 0.000137538969375
22607 0.000137538969375
8409 0.00220062350999
26516 0.000458463231249
11328 0.000550155877499
11329 0.000412616908124
27028 0.000137538969375
7572 0.0001833852925
15308 0.000550155877499
7576 0.000366770584999
9817 0.00100861910875
5724 0.000229231615624
3913 0.000320924261874
6731 0.000550155877499
8316 0.000229231615624
6734 0.000137538969375
23826 0.000320924261874
8313 0.000458463231249
6738 0.000229231615624
23829 9.16926462498e-05
27111 0.000137538969375
5834 4.58463231249e-05
5833 0.000458463231249
11259 9.16926462498e-05
18996 0.000458463231249
8089 9.16926462498e-05
26464 9.16926462498e-05
24645 0.000733541169998
19005 0.000320924261874
217 0.000550155877499
215 9.16926462498e-05
16768 0.000275077938749
11781 4.58463231249e-05
12078 0.000366770584999
16564 0.000275077938749
25372 0.0016504676325
6080 0.0001833852925
18051 0.0001833852925
12674 0.000596002200624
19643 0.000366770584999
16169 0.000137538969375
27205 0.00169631395562
5315 9.16926462498e-05
9907 0.000137538969375
21672 0.00105446543187
21078 0.000229231615624
3647 0.000275077938749
16300 0.0001833852925
25510 9.16926462498e-05
16302 0.000458463231249
21071 0.000641848523748
11670 4.58463231249e-05
21983 9.16926462498e-05
11679 0.00275077938749
26087 0.0001833852925
62 0.000137538969375
6395 0.000229231615624
24911 9.16926462498e-05
10325 0.0001833852925
20617 0.0001833852925
10329 0.000596002200624
2771 0.000412616908124
22 0.0001833852925
17783 9.16926462498e-05
17781 0.0001833852925
4081 0.0001833852925
16944 0.000275077938749
2803 0.00119200440125
7975 0.000366770584999
7977 0.000137538969375
21217 9.16926462498e-05
25193 0.000550155877499
13307 9.16926462498e-05
4411 0.000504309554374
2173 0.000229231615624
17094 9.16926462498e-05
9549 0.000733541169998
2179 0.000275077938749
911 0.00343847423437
4960 0.000687694846873
2600 0.0001833852925
3847 0.0001833852925
14821 0.000366770584999
14048 0.000733541169998
10176 0.000320924261874
845 0.000275077938749
21693 0.000366770584999
22989 0.0001833852925
9193 0.000641848523748
849 0.000275077938749
8890 9.16926462498e-05
20668 0.0001833852925
12327 0.000229231615624
377 9.16926462498e-05
20585 0.000275077938749
12329 0.000229231615624
7233 4.58463231249e-05
14956 4.58463231249e-05
14952 0.000229231615624
14226 0.000137538969375
14227 0.000137538969375
26866 0.000458463231249
18217 0.0001833852925
26860 0.0001833852925
10258 9.16926462498e-05
9030 9.16926462498e-05
9031 0.000229231615624
29099 0.00536401980561
29095 0.0001833852925
1739 0.000504309554374
18697 0.000275077938749
1731 0.001100311755
24009 0.000229231615624
20037 0.000275077938749
1195 0.000229231615624
15159 0.000412616908124
24344 0.000550155877499
28470 9.16926462498e-05
24340 9.16926462498e-05
14319 0.000137538969375
6880 0.000504309554374
1598 0.000550155877499
15799 0.00132954337062
27446 0.0001833852925
20327 0.0001833852925
17959 0.000687694846873
17958 0.0001833852925
27443 9.16926462498e-05
27448 0.0001833852925
4366 0.0001833852925
12899 9.16926462498e-05
23103 0.0001833852925
8278 0.000916926462498
5640 0.000458463231249
12865 0.000137538969375
6148 0.000412616908124
26883 9.16926462498e-05
28270 0.00229231615624
14550 9.16926462498e-05
11076 0.000320924261874
14554 0.000229231615624
25687 0.000458463231249
1446 0.000229231615624
29077 0.000137538969375
8676 0.000229231615624
1119 9.16926462498e-05
29078 0.000458463231249
23214 0.000550155877499
13787 0.000320924261874
13784 0.00119200440125
23748 9.16926462498e-05
22342 0.000458463231249
23584 0.000550155877499
489 0.000275077938749
27056 0.000137538969375
8410 0.000229231615624
8414 0.000229231615624
9804 0.0001833852925
9802 0.000916926462498
25830 0.000366770584999
25839 0.0001833852925
28617 0.0001833852925
8307 0.0001833852925
28859 0.0001833852925
6724 0.000366770584999
28855 0.000320924261874
19014 0.000458463231249
15200 4.58463231249e-05
11263 0.0001833852925
4147 0.000275077938749
23698 0.000412616908124
3854 0.000137538969375
3850 0.000733541169998
9936 0.000137538969375
19277 0.0001833852925
12068 0.00210893086374
6098 9.16926462498e-05
25349 4.58463231249e-05
25618 0.00114615807812
12063 0.000275077938749
16572 0.000229231615624
6096 0.000687694846873
25753 0.000229231615624
12666 0.0001833852925
6656 4.58463231249e-05
6655 9.16926462498e-05
29213 0.000275077938749
19651 0.000229231615624
16176 0.000137538969375
16177 9.16926462498e-05
25742 0.0001833852925
5912 4.58463231249e-05
17228 0.000916926462498
19514 0.000137538969375
21844 0.000229231615624
194 0.0001833852925
21847 0.000137538969375
21840 0.000916926462498
24831 0.000641848523748
21067 0.000825233816248
3677 0.0001833852925
21996 0.000137538969375
21995 0.000504309554374
11687 9.16926462498e-05
11682 0.0001833852925
3746 0.000229231615624
24907 0.000366770584999
12790 0.000412616908124
11448 0.000137538969375
12795 0.00105446543187
9152 9.16926462498e-05
27906 0.000458463231249
5009 9.16926462498e-05
2764 0.000229231615624
16406 0.00265908674124
16952 0.000137538969375
17133 0.000504309554374
9487 0.000137538969375
9486 0.000504309554374
903 0.000137538969375
12243 0.000320924261874
905 0.001833852925
20823 4.58463231249e-05
20826 0.000596002200624
4953 0.000275077938749
2160 0.000275077938749
2613 9.16926462498e-05
2610 0.0012836970475
20484 0.000137538969375
21336 0.00192554557125
21337 9.16926462498e-05
21334 0.0001833852925
13795 0.0001833852925
21338 0.0001833852925
21684 0.000412616908124
819 0.000275077938749
3458 0.000733541169998
22973 0.0001833852925
14788 0.0001833852925
26871 0.000366770584999
14969 0.000916926462498
14784 0.0001833852925
18202 0.000137538969375
18200 0.000275077938749
14780 0.000366770584999
20555 9.16926462498e-05
20551 0.001100311755
10240 0.0001833852925
29084 0.000320924261874
7004 0.000229231615624
7007 9.16926462498e-05
18683 0.000229231615624
24015 0.0001833852925
5221 9.16926462498e-05
21533 0.000366770584999
22889 0.0001833852925
11864 0.000320924261874
18515 0.000366770584999
22880 0.0001833852925
18519 9.16926462498e-05
15814 0.000550155877499
22887 4.58463231249e-05
14818 0.0001833852925
742 0.0001833852925
749 0.000641848523748
7467 0.000137538969375
17945 0.00100861910875
14498 0.000641848523748
15784 9.16926462498e-05
24334 9.16926462498e-05
7173 0.0001833852925
23223 0.000137538969375
14360 0.000366770584999
2945 0.000320924261874
3068 0.000504309554374
7179 0.000458463231249
27470 0.000137538969375
1691 0.000412616908124
619 0.000504309554374
12888 0.0001833852925
12886 0.000320924261874
617 0.000504309554374
614 0.000825233816248
14567 9.16926462498e-05
8799 0.000229231615624
18024 0.00449293966624
18025 0.0001833852925
24486 0.000275077938749
8792 0.000550155877499
26894 0.000366770584999
22915 9.16926462498e-05
24242 0.000366770584999
28049 0.000687694846873
8643 0.000275077938749
23202 0.000137538969375
15307 0.000596002200624
23206 0.0001833852925
23207 0.000550155877499
22371 0.000229231615624
21946 0.000137538969375
15302 0.000412616908124
4220 0.00261324041812
4221 9.16926462498e-05
28625 0.0001833852925
28621 0.000366770584999
3185 0.000458463231249
29 0.000137538969375
9834 9.16926462498e-05
15365 0.000687694846873
25820 9.16926462498e-05
1700 0.000366770584999
22577 9.16926462498e-05
19466 0.000366770584999
26404 0.000366770584999
11272 0.0001833852925
22321 0.000596002200624
8338 4.58463231249e-05
8339 0.0001833852925
9906 0.000412616908124
15217 0.000229231615624
24669 0.00146708234
24461 0.00155877498625
24460 0.000229231615624
28135 0.0001833852925
24898 0.000137538969375
20048 9.16926462498e-05
27406 0.000412616908124
27407 0.000412616908124
22405 9.16926462498e-05
16540 0.00247570144874
22400 0.000229231615624
16096 9.16926462498e-05
13754 0.0001833852925
13757 0.000137538969375
12656 0.000137538969375
6665 0.0001833852925
10879 0.000229231615624
22087 0.000916926462498
10872 0.000137538969375
19660 0.00242985512562
3665 0.000275077938749
21838 0.00119200440125
16323 0.000229231615624
17237 0.000137538969375
21833 0.000366770584999
17232 0.000229231615624
19686 0.000275077938749
19680 0.000229231615624
13430 9.16926462498e-05
21050 0.0001833852925
4545 0.000229231615624
11499 0.000137538969375
11696 0.0001833852925
27314 0.000458463231249
2374 9.16926462498e-05
11456 0.0001833852925
10908 0.000871080139373
27319 9.16926462498e-05
9120 0.0001833852925
3592 0.000275077938749
3590 0.0001833852925
10308 0.000275077938749
20630 0.000229231615624
10306 0.0001833852925
27912 0.000275077938749
6737 0.000229231615624
17438 0.000458463231249
21238 0.000229231615624
1084 0.000458463231249
970 0.0001833852925
6287 0.0001833852925
4949 0.00375939849624
20831 4.58463231249e-05
14020 0.00641848523748
20127 0.000137538969375
2626 9.16926462498e-05
20121 0.000229231615624
12132 0.0001833852925
26583 9.16926462498e-05
7354 0.000137538969375
7356 0.000275077938749
9230 0.000733541169998
1917 0.000641848523748
10014 0.0016504676325
27117 0.00408032275811
22963 0.0001833852925
3393 0.000137538969375
2750 0.000275077938749
10627 0.000229231615624
12346 0.000137538969375
882 0.0001833852925
18233 4.58463231249e-05
14976 9.16926462498e-05
14794 0.0001833852925
14795 0.000504309554374
14796 0.000825233816248
14159 0.000596002200624
14153 0.00201723821749
20548 0.000275077938749
20549 0.0001833852925
24060 0.000275077938749
18529 0.000458463231249
18835 0.0001833852925
18523 0.0001833852925
22894 0.000137538969375
13103 0.000458463231249
14486 0.000137538969375
14482 0.000962772785623
15173 9.16926462498e-05
5416 0.000229231615624
6868 0.000137538969375
7105 0.00307170364937
24325 0.000137538969375
28453 0.000275077938749
3051 0.000137538969375
1041 9.16926462498e-05
29472 0.000458463231249
5367 0.000137538969375
5369 0.0001833852925
20300 0.000779387493123
1681 0.000137538969375
10393 9.16926462498e-05
4302 9.16926462498e-05
8257 0.00105446543187
4300 0.000137538969375
4307 0.000504309554374
18013 0.000458463231249
11052 0.000825233816248
14573 0.000229231615624
14575 0.000687694846873
15514 0.000229231615624
17752 0.0001833852925
24258 0.000229231615624
15681 0.0001833852925
7616 0.000137538969375
526 0.0001833852925
15686 0.000412616908124
8651 0.0001833852925
1461 0.000825233816248
15992 0.0001833852925
8738 0.000229231615624
6447 0.000275077938749
12435 0.000366770584999
24780 0.000458463231249
6911 4.58463231249e-05
4239 0.000458463231249
4238 0.000366770584999
4235 9.16926462498e-05
9829 0.000137538969375
23563 0.000458463231249
12438 0.0001833852925
5590 0.000137538969375
5593 9.16926462498e-05
5592 9.16926462498e-05
5594 0.000137538969375
15192 0.000229231615624
5598 0.000871080139373
27670 9.16926462498e-05
23164 0.000229231615624
17429 0.000229231615624
18843 0.000229231615624
9140 0.000229231615624
19475 0.000229231615624
11201 0.00142123601687
26416 0.000137538969375
11204 0.000137538969375
12076 0.0001833852925
8327 0.0001833852925
23304 0.0001833852925
9912 0.000366770584999
9914 4.58463231249e-05
9919 0.0001833852925
22179 0.000825233816248
4125 0.000137538969375
22365 0.000137538969375
7432 0.000366770584999
24471 0.0001833852925
28124 0.0001833852925
16550 0.0001833852925
6211 0.000687694846873
25329 0.00160462130937
19217 0.000641848523748
12647 0.000366770584999
12642 9.16926462498e-05
6672 0.000871080139373
16085 0.000137538969375
27257 0.0001833852925
29225 0.000275077938749
13745 0.000229231615624
23781 0.000550155877499
27251 9.16926462498e-05
23782 0.0001833852925
4059 0.000687694846873
13749 0.0001833852925
27096 0.000137538969375
22094 0.000779387493123
27092 0.000550155877499
19671 0.0001833852925
22099 0.000137538969375
10866 0.000366770584999
16155 0.000137538969375
8698 0.000137538969375
16331 0.000825233816248
16884 0.0001833852925
21823 0.0001833852925
2291 9.16926462498e-05
2568 0.000550155877499
10916 0.000229231615624
24929 0.000641848523748
2368 0.000550155877499
2367 0.00279662571062
24922 4.58463231249e-05
27328 0.000137538969375
17331 9.16926462498e-05
7927 0.000229231615624
9131 0.000137538969375
21225 0.000320924261874
21950 0.000229231615624
7297 0.000366770584999
17449 0.000275077938749
10647 0.0001833852925
9138 0.000229231615624
17118 0.000275077938749
4440 9.16926462498e-05
13354 0.000229231615624
16420 4.58463231249e-05
14526 0.0001833852925
4931 0.001100311755
4683 0.000137538969375
6299 0.000137538969375
4939 0.0001833852925
6290 4.58463231249e-05
26127 0.000366770584999
11730 0.000137538969375
26121 0.000229231615624
6057 4.58463231249e-05
20803 0.000412616908124
24819 0.0001833852925
20800 0.000504309554374
20152 9.16926462498e-05
20154 0.000596002200624
14011 0.0001833852925
17061 0.000779387493123
17060 0.000641848523748
28256 0.0001833852925
21315 0.000137538969375
9220 9.16926462498e-05
3438 0.000550155877499
17590 0.000137538969375
876 9.16926462498e-05
3433 0.000229231615624
12358 0.000229231615624
3091 0.0001833852925
2033 0.000641848523748
4595 9.16926462498e-05
12352 0.00256739409499
4846 0.000275077938749
10268 0.000916926462498
6190 0.0001833852925
14902 0.00192554557125
29265 0.000275077938749
10461 0.000137538969375
20579 0.000137538969375
20578 0.00137538969375
9045 4.58463231249e-05
24070 0.0001833852925
11849 0.000320924261874
18829 0.000366770584999
20979 0.00293416467999
1788 0.000137538969375
768 0.000458463231249
2963 0.00187969924812
11196 0.0109114249037
26789 0.000320924261874
17920 0.0001833852925
17921 0.000275077938749
17926 0.000137538969375
29197 0.000596002200624
23134 0.000229231615624
17641 0.000229231615624
3047 0.000550155877499
19862 0.00252154777187
18791 0.000275077938749
1079 0.000229231615624
27415 0.000641848523748
18227 0.000137538969375
1672 0.000458463231249
679 0.00224646983312
8226 0.0001833852925
4336 0.0001833852925
6398 0.0001833852925
3135 0.0001833852925
14588 0.0001833852925
22547 0.000320924261874
14581 4.58463231249e-05
14580 0.00119200440125
18002 0.00142123601687
20207 4.58463231249e-05
20206 0.0001833852925
7606 0.000137538969375
17855 0.0001833852925
15988 0.0001833852925
1415 0.0001833852925
23779 0.00256739409499
1325 0.000550155877499
28930 0.000229231615624
23774 0.00224646983312
15434 9.16926462498e-05
15432 0.000550155877499
15345 0.000137538969375
12426 0.0001833852925
27060 0.000229231615624
5764 0.000275077938749
8689 0.00678525582248
6908 0.0001833852925
28481 0.00169631395562
7737 0.000504309554374
646 0.0001833852925
3958 0.0001833852925
22556 0.00100861910875
22552 0.00302585732624
19197 0.000916926462498
3954 0.0001833852925
26422 0.0001833852925
2254 0.0001833852925
19048 0.000229231615624
15231 0.000229231615624
12512 0.000229231615624
15233 0.0001833852925
22313 0.000733541169998
24440 0.000137538969375
24447 0.000366770584999
22317 0.000871080139373
27791 0.00586832935999
25333 0.00275077938749
23407 0.0001833852925
989 9.16926462498e-05
23403 0.000275077938749
5014 9.16926462498e-05
5015 0.000320924261874
2971 0.0001833852925
23793 4.58463231249e-05
26333 9.16926462498e-05
26332 9.16926462498e-05
13779 0.000366770584999
13778 0.000229231615624
28149 0.000229231615624
22307 0.0001833852925
19539 0.000320924261874
29473 0.000275077938749
2812 9.16926462498e-05
22043 0.000550155877499
25029 0.000229231615624
25022 0.000687694846873
28885 0.0001833852925
25793 0.000229231615624
12747 0.000733541169998
6113 0.000366770584999
24788 0.000641848523748
19993 0.000687694846873
2353 0.0001833852925
11431 0.000733541169998
21962 0.0001833852925
10678 0.000320924261874
9458 4.58463231249e-05
7286 0.000366770584999
7936 0.000412616908124
17690 0.000229231615624
4452 0.00210893086374
25248 0.0001833852925
5445 4.58463231249e-05
16453 0.000229231615624
21146 0.000641848523748
21140 0.0001833852925
4691 0.000504309554374
18289 0.0001833852925
4694 0.000137538969375
953 0.000687694846873
954 0.000229231615624
17214 0.000871080139373
21815 0.0001833852925
26114 0.000412616908124
24869 0.00187969924812
20143 0.000320924261874
20146 0.000275077938749
20147 4.58463231249e-05
22946 0.000137538969375
22947 0.000137538969375
16854 4.58463231249e-05
12364 0.000229231615624
3423 0.000137538969375
17581 0.0001833852925
2000 0.0001833852925
4775 0.000366770584999
12161 0.0001833852925
6331 4.58463231249e-05
12162 0.000641848523748
12168 0.00508894186686
4582 0.000229231615624
14174 0.000916926462498
18496 0.000229231615624
9072 0.0001833852925
27888 0.0001833852925
14917 0.000366770584999
10452 0.0001833852925
21565 0.000687694846873
9671 0.000320924261874
11983 0.000229231615624
3555 0.000504309554374
21768 0.000366770584999
10584 0.000275077938749
20966 0.000137538969375
6968 0.000137538969375
11857 0.000687694846873
29146 0.0001833852925
18678 0.000412616908124
712 0.000229231615624
7127 0.000275077938749
6840 9.16926462498e-05
24306 0.000412616908124
24307 0.0001833852925
13883 4.58463231249e-05
27401 0.000275077938749
1065 0.0001833852925
20367 0.000275077938749
5306 0.000412616908124
13017 9.16926462498e-05
1666 0.000275077938749
4329 0.0001833852925
15534 0.000550155877499
1080 9.16926462498e-05
599 0.000275077938749
4320 0.000137538969375
8238 0.000137538969375
4324 0.00123785072437
6757 0.0001833852925
24274 0.000458463231249
24277 0.000137538969375
3145 0.000229231615624
14596 0.000320924261874
2826 0.000412616908124
18072 0.000275077938749
18075 0.00334678158812
3384 0.000458463231249
3382 4.58463231249e-05
27539 0.000366770584999
4216 0.000229231615624
1335 0.000916926462498
1337 4.58463231249e-05
9842 0.000137538969375
23549 0.00137538969375
23783 0.0001833852925
9846 0.0001833852925
15405 0.000779387493123
9848 0.000229231615624
8693 0.00151292866312
8692 0.000137538969375
7706 0.000137538969375
26754 0.0001833852925
27659 9.16926462498e-05
27653 0.000229231615624
5574 0.000275077938749
3093 0.0001833852925
642 0.000275077938749
1533 0.000412616908124
647 0.000275077938749
1530 0.000229231615624
23143 0.000687694846873
1539 0.000275077938749
19937 0.000366770584999
23896 0.000916926462498
28059 0.0001833852925
7613 0.000412616908124
26434 0.0001833852925
11220 0.0001833852925
15249 9.16926462498e-05
9640 0.0001833852925
28924 0.00261324041812
7411 4.58463231249e-05
22306 0.000229231615624
24459 0.000366770584999
25308 0.000229231615624
25651 0.000412616908124
23433 0.0001833852925
29505 0.0001833852925
7511 9.16926462498e-05
22126 0.0016504676325
10840 0.000550155877499
4078 0.00114615807812
13765 0.0001833852925
5797 0.000366770584999
19457 9.16926462498e-05
19458 4.58463231249e-05
18868 0.000916926462498
5799 0.000825233816248
19523 0.00114615807812
16624 0.000504309554374
22095 0.000137538969375
12758 0.000137538969375
12754 0.000733541169998
6104 0.000779387493123
6101 9.16926462498e-05
27346 0.000275077938749
21979 0.000320924261874
9111 0.00252154777187
21975 0.000641848523748
21796 9.16926462498e-05
12285 0.00311754997249
12287 0.000550155877499
12283 0.000229231615624
3702 0.0001833852925
17664 0.000229231615624
1884 0.000229231615624
1880 0.000137538969375
948 0.000366770584999
949 0.00155877498625
2128 0.000275077938749
4667 0.000962772785623
12433 0.000229231615624
24878 0.000229231615624
10066 4.58463231249e-05
15423 0.000871080139373
9209 0.000137538969375
2655 0.000412616908124
21372 0.000779387493123
7380 0.000458463231249
16846 0.000458463231249
12379 4.58463231249e-05
6326 0.000641848523748
12175 0.000229231615624
12173 0.000137538969375
13483 0.0001833852925
6839 0.000366770584999
18489 9.16926462498e-05
10282 0.000733541169998
20519 0.0001833852925
29203 0.00178800660187
24054 0.0001833852925
10449 0.000229231615624
24059 4.58463231249e-05
20516 0.000458463231249
18805 0.00242985512562
17483 0.000229231615624
22846 9.16926462498e-05
18808 0.000229231615624
22843 9.16926462498e-05
8978 0.0001833852925
13394 9.16926462498e-05
13390 0.00151292866312
8976 4.58463231249e-05
6856 9.16926462498e-05
15741 0.0001833852925
700 9.16926462498e-05
27437 9.16926462498e-05
11882 0.000825233816248
83 0.001833852925
11889 0.0001833852925
11888 0.000137538969375
25272 0.000550155877499
20190 9.16926462498e-05
29442 0.000137538969375
5310 0.000366770584999
29445 0.000641848523748
29330 0.000366770584999
29331 0.0001833852925
8805 0.000229231615624
14292 0.000366770584999
14922 9.16926462498e-05
8207 0.0001833852925
26699 0.000779387493123
7624 0.000229231615624
3151 0.001833852925
7626 0.000229231615624
12994 0.0001833852925
7620 0.000366770584999
7622 0.0001833852925
11083 0.0001833852925
2836 4.58463231249e-05
11080 0.00353016688062
3390 0.000458463231249
27501 0.000137538969375
5403 0.000366770584999
27505 0.0001833852925
27508 0.000366770584999
29539 4.58463231249e-05
1439 4.58463231249e-05
21092 0.0012836970475
13971 9.16926462498e-05
4262 0.0001833852925
13975 0.000458463231249
27709 4.58463231249e-05
454 0.0001833852925
9878 0.0001833852925
15414 0.000275077938749
6927 9.16926462498e-05
23086 0.000137538969375
24519 0.000275077938749
7827 0.000458463231249
24517 0.0001833852925
11159 0.000320924261874
1501 9.16926462498e-05
1507 0.0001833852925
1505 9.16926462498e-05
23157 9.16926462498e-05
4761 4.58463231249e-05
8375 0.000137538969375
23884 0.0001833852925
22204 0.000137538969375
5896 0.000458463231249
28177 0.000320924261874
15258 0.000275077938749
12576 0.000137538969375
28774 0.000229231615624
7409 0.000596002200624
7400 0.000550155877499
24427 0.000137538969375
25318 0.000137538969375
22442 0.0001833852925
22113 0.0001833852925
22447 0.0001833852925
25642 0.000137538969375
16500 0.000366770584999
11524 0.000458463231249
9525 9.16926462498e-05
23421 0.000229231615624
6621 0.000596002200624
26595 0.0001833852925
4003 0.000229231615624
19421 0.000641848523748
24737 0.0001833852925
3977 0.000137538969375
3979 9.16926462498e-05
10740 0.000137538969375
9899 0.000320924261874
25005 0.000137538969375
19882 0.0001833852925
25009 0.000137538969375
3627 0.00586832935999
3626 0.000458463231249
11652 0.000229231615624
11410 0.000137538969375
25488 0.000641848523748
10948 0.000871080139373
1591 0.000412616908124
25483 0.001833852925
24341 0.0001833852925
25260 0.00100861910875
25261 0.000137538969375
9479 0.000366770584999
9472 0.000916926462498
9471 0.0001833852925
3719 0.000962772785623
4479 0.000596002200624
19951 4.58463231249e-05
21160 0.000275077938749
5176 0.000229231615624
3252 0.000137538969375
2249 0.0001833852925
5305 9.16926462498e-05
24844 0.000137538969375
24841 0.000550155877499
24193 0.00178800660187
9275 0.000366770584999
993 0.000137538969375
24196 0.00210893086374
10726 0.000733541169998
20164 0.0001833852925
10051 0.000458463231249
20679 0.000366770584999
7169 0.000229231615624
3406 0.0001833852925
3409 0.0001833852925
17013 0.000275077938749
27638 0.00174216027875
16873 0.000137538969375
12143 9.16926462498e-05
26006 0.000275077938749
26000 0.000366770584999
13494 0.000596002200624
1135 0.000137538969375
14119 0.000229231615624
9090 0.000229231615624
17706 0.000871080139373
9657 0.000779387493123
9165 0.000550155877499
9658 0.000458463231249
20506 0.000458463231249
9301 0.000366770584999
29231 0.0001833852925
18879 0.000916926462498
5094 0.000320924261874
20694 0.000366770584999
7248 0.000687694846873
9782 0.000229231615624
13380 4.58463231249e-05
8965 0.000596002200624
2669 0.000779387493123
15887 0.000137538969375
15734 9.16926462498e-05
6828 0.000229231615624
18612 0.000320924261874
5324 4.58463231249e-05
27427 0.000229231615624
14603 0.000366770584999
20184 9.16926462498e-05
20180 0.000962772785623
14930 0.000550155877499
8816 0.000366770584999
13039 0.0001833852925
18905 0.000458463231249
18275 0.000366770584999
18273 0.0001833852925
18271 0.000137538969375
8818 9.16926462498e-05
8219 0.0001833852925
29490 0.000275077938749
15089 0.000275077938749
15086 0.000412616908124
15081 0.0001833852925
574 0.000550155877499
18296 0.000137538969375
7654 0.0001833852925
18290 0.0001833852925
18292 9.16926462498e-05
15645 0.0001833852925
12964 0.0001833852925
7096 0.00178800660187
29547 0.00123785072437
9688 0.000458463231249
27514 0.000504309554374
27511 0.000412616908124
3362 0.0001833852925
28017 0.00201723821749
13962 9.16926462498e-05
4270 4.58463231249e-05
5557 9.16926462498e-05
27637 0.000733541169998
18124 0.000229231615624
6951 0.000366770584999
15390 0.000687694846873
15395 0.0001833852925
26771 9.16926462498e-05
26308 0.0001833852925
24506 0.0001833852925
24507 9.16926462498e-05
24503 0.00119200440125
4750 0.000320924261874
10741 0.000137538969375
6597 0.000137538969375
5883 0.001833852925
12541 0.0012836970475
15269 0.000275077938749
15065 0.000550155877499
28164 0.000458463231249
28166 4.58463231249e-05
28169 0.000458463231249
778 9.16926462498e-05
15359 0.0001833852925
7479 4.58463231249e-05
3181 0.000366770584999
28945 0.000275077938749
24601 0.00201723821749
24434 9.16926462498e-05
19096 0.000229231615624
25670 9.16926462498e-05
25676 0.0001833852925
26341 0.0001833852925
6630 0.000275077938749
12606 0.00119200440125
23984 0.0001833852925
29202 0.000687694846873
4019 0.000137538969375
19673 0.0001833852925
26585 4.58463231249e-05
11391 0.000229231615624
16154 9.16926462498e-05
13701 9.16926462498e-05
4014 4.58463231249e-05
19431 0.000137538969375
22211 0.000229231615624
9881 0.000366770584999
3983 0.000366770584999
16606 0.0001833852925
16602 0.000458463231249
19540 0.000137538969375
16609 9.16926462498e-05
22077 0.000320924261874
2323 0.000275077938749
2322 0.000366770584999
4709 0.000550155877499
22583 0.000871080139373
27161 0.000137538969375
27160 0.000366770584999
16460 9.16926462498e-05
16463 0.00265908674124
21911 0.000275077938749
264 0.000137538969375
17642 4.58463231249e-05
17393 0.000137538969375
17640 0.000962772785623
17647 0.000229231615624
24984 0.000458463231249
4648 0.000229231615624
4644 0.000366770584999
13554 0.000962772785623
26168 0.000504309554374
19890 9.16926462498e-05
19891 0.00123785072437
2257 0.00366770584999
26160 4.58463231249e-05
17244 0.000275077938749
17242 0.000137538969375
2251 9.16926462498e-05
11776 0.000596002200624
2476 9.16926462498e-05
17024 0.000137538969375
2471 0.000733541169998
17020 0.000458463231249
5151 0.000229231615624
5150 9.16926462498e-05
5157 0.000137538969375
2199 0.000275077938749
22916 0.0001833852925
20751 0.000412616908124
2783 0.000137538969375
4807 0.000366770584999
4808 0.000871080139373
16865 9.16926462498e-05
12394 0.00247570144874
11605 0.0001833852925
12159 0.000458463231249
6305 0.000275077938749
20536 0.00233816247937
10133 9.16926462498e-05
18466 0.000137538969375
11954 0.000137538969375
18465 0.000275077938749
11951 0.0001833852925
14120 0.000229231615624
17732 0.000504309554374
9315 0.000229231615624
29224 0.000504309554374
21593 0.000275077938749
207 0.000137538969375
21758 0.000137538969375
5081 0.000504309554374
5086 0.00123785072437
9792 0.000137538969375
27052 0.000687694846873
2929 0.0001833852925
15721 0.000229231615624
26900 0.000229231615624
15896 0.000275077938749
14381 0.000229231615624
5330 0.000458463231249
5334 0.000366770584999
5336 0.00123785072437
1630 4.58463231249e-05
3219 4.58463231249e-05
13049 0.000458463231249
18736 0.00229231615624
569 9.16926462498e-05
18730 0.00210893086374
18731 0.0001833852925
15094 0.000366770584999
15096 0.000550155877499
8775 0.000366770584999
18281 0.000320924261874
12977 0.00307170364937
3174 9.16926462498e-05
5639 0.000275077938749
7080 0.000137538969375
29551 0.000229231615624
5429 0.000320924261874
7089 9.16926462498e-05
27567 0.000137538969375
18491 0.0001833852925
8171 0.000137538969375
8173 0.000412616908124
15383 0.000137538969375
23538 0.000229231615624
6498 0.0001833852925
15478 0.000366770584999
28687 0.000137538969375
27625 0.00169631395562
5529 0.0001833852925
6947 9.16926462498e-05
18131 0.000366770584999
25840 9.16926462498e-05
28370 0.000733541169998
11176 0.00330093526499
14415 0.000733541169998
28378 0.000275077938749
17446 0.000320924261874
43 9.16926462498e-05
24534 0.0001833852925
10646 0.000550155877499
8483 0.000275077938749
1293 0.000366770584999
1565 0.000366770584999
7747 9.16926462498e-05
3190 0.000137538969375
27198 0.000137538969375
27199 0.000137538969375
23198 9.16926462498e-05
23628 0.00302585732624
27191 9.16926462498e-05
23622 0.000320924261874
28759 0.001100311755
6546 4.58463231249e-05
6543 0.000229231615624
6542 0.000137538969375
16836 0.000137538969375
28616 9.16926462498e-05
24409 0.000137538969375
6548 0.000366770584999
1366 4.58463231249e-05
28752 0.000825233816248
7469 9.16926462498e-05
471 0.000366770584999
476 0.000412616908124
28754 9.16926462498e-05
8489 9.16926462498e-05
28975 0.000687694846873
28201 0.000137538969375
29334 4.58463231249e-05
7465 0.000458463231249
25933 0.000550155877499
