2350750 3
6572500 3
12008000 2
8555500 3
425500 3
4853750 3
8430000 3
4256500 3
9039750 3
4115500 1
12215000 1
591750 3
3404000 3
5256500 1
7367000 2
4956000 3
7927750 1
7886000 3
9982500 1
4606000 3
145750 3
10443000 3
1710500 1
9706000 7
3913250 7
11751000 2
9351750 1
6874250 4
5292000 1
1194750 7
5108000 3
1617250 2
4054000 1
567250 3
12371000 6
6867750 3
1319000 1
1832000 1
3188000 1
980000 3
3249250 3
6099250 2
2050000 3
11772000 3
10533750 2
10915250 3
6458000 1
4557250 3
405000 3
7116750 3
1815750 3
3031750 4
5170500 1
11111500 3
6996000 3
7016500 3
3335000 3
6264750 3
9202750 3
10302500 3
3114000 2
452750 2
9716500 3
8163500 3
8869250 3
6126750 1
8909750 1
1579250 1
764750 3
2910750 3
8156500 2
3245250 3
4423500 3
2253250 3
10654750 3
6766250 2
11632250 1
5034000 3
8845250 7
154750 3
11493000 2
9079500 4
8730250 3
65500 1
232000 1
832250 1
10054250 5
4503500 3
10619000 3
11142000 3
5220750 2
12204750 1
10521000 1
1561250 2
5812000 6
12065000 3
190500 3
3977750 3
10401500 2
4814750 3
11307500 1
3588500 1
282500 1
10885750 2
887500 2
10322250 1
3148500 4
11169500 1
10598500 2
3075000 3
4102750 3
848500 1
3293750 1
341000 3
267250 1
6654750 3
5957500 2
4475750 5
7190750 1
7445000 1
12231250 1
1441500 3
9842500 3
7320250 3
3009000 7
2331750 4
4907500 2
4680000 3
4454500 6
2251750 3
382250 3
5952250 2
239250 1
4804500 2
9044750 3
10696000 3
5199750 3
3952000 3
2756000 3
140500 2
11496750 3
7600250 2
6433000 3
2704750 3
6515500 3
7568750 3
528250 2
3226500 3
6334000 3
1189000 1
4378500 3
7211250 1
5754500 3
7810250 3
7513250 3
3520000 2
4852000 3
5027500 3
1517000 2
8622000 3
3396250 3
8353250 3
8123500 3
573000 1
8910750 6
299750 3
1969000 1
5011500 4
4035250 3
12275500 3
3795000 1
8528750 3
5354000 3
4376250 2
4304250 2
1531250 1
10018000 3
2103250 5
5279750 1
5828250 3
6233750 1
11761750 3
6205000 3
9069000 4
2797750 3
9794000 3
8040000 4
6266000 2
5059000 3
4097500 3
2626250 3
9685000 3
11225500 3
4370750 3
8523250 3
847750 2
9244000 3
8102000 1
1792000 1
6412750 1
9463750 3
9076750 3
11352000 3
1782250 2
11782250 2
4852500 3
1074500 1
6354500 3
11874000 3
7218000 2
11022500 3
11579750 2
10790500 3
3089500 3
5248750 3
5608250 3
10831750 3
2768250 3
8701250 3
7921500 2
3344750 4
11601500 3
1699500 2
9802000 4
11321750 7
5780000 5
11701500 2
6897000 1
3981750 1
9344000 3
854250 3
3326250 1
8702500 4
1324500 2
8017000 1
4994000 3
10566000 3
7797000 3
5336750 3
3282250 3
981000 2
4336750 3
10064500 1
1244250 2
2737250 3
6458250 1
6998500 3
11535250 1
7163250 2
6172000 3
1525000 1
4844000 1
1492500 3
3035250 3
731750 2
5898500 3
11957000 2
5082750 3
10628500 5
11391250 2
2088000 1
7687500 6
5024500 3
6754250 3
2200750 3
7854500 2
4087750 3
317500 3
1446250 1
11646500 3
9782000 1
5491500 2
6014750 3
2316250 3
4850000 1
4153000 3
11339250 3
620500 1
7306250 1
11137750 2
4037500 3
3895750 1
5082500 3
6768000 3
1904750 1
2808500 3
364250 1
10000250 1
200250 2
2852250 3
650750 2
10976250 3
6700250 3
6380000 3
12386500 1
3549000 3
10773000 2
11131750 3
12028500 4
11847750 3
805750 3
1530250 1
5254500 3
1838000 3
9807250 3
4186500 3
1140750 1
7103000 2
3903500 1
3963750 3
6683250 3
5693000 3
11114000 3
1758250 1
6358500 1
11730000 2
12061000 3
1909250 7
5910250 3
10592000 3
3054250 1
1381000 1
6400000 4
3719250 1
10972250 1
1971500 5
10653250 1
7435500 3
6603750 3
691500 7
5264500 3
38250 2
2771250 3
9288000 3
9103250 3
1247000 3
3684750 3
3317500 3
9972250 3
2870250 2
8997500 3
7323750 3
3573750 1
8324500 3
7361250 3
5968250 1
380000 3
418500 2
1793250 3
2921750 3
434750 2
5847500 1
5522250 3
8060000 3
5139250 3
5654000 2
3592750 3
8792750 3
4895250 1
11590500 3
3405000 3
2378500 4
10047250 3
4712250 1
6150750 2
3581250 2
10112000 3
2874500 1
2232500 2
4967250 3
11046750 3
9123500 6
4047000 2
11434750 3
5906250 3
10212500 2
10845500 3
3216500 2
2788750 2
1206500 1
9015000 2
5846250 3
1104500 3
3266750 3
5187750 3
1063000 4
4876750 2
4809000 3
12016750 3
5121750 3
415500 1
2920750 1
5226500 3
3751500 1
621500 1
7405250 3
9436000 3
7568250 3
5078750 3
9586500 2
10768750 3
1148000 3
1661750 2
10578000 1
1911500 3
6234000 2
835000 1
11896000 3
3723750 3
4193750 3
3211250 2
5438000 3
1074750 2
563500 3
9055750 3
3661500 3
3014750 2
10944750 2
2322750 2
11552750 3
3849750 3
8100250 1
10546500 3
8172250 3
1165500 1
4317250 3
2182750 1
11340250 1
9671750 3
11397250 3
3644250 2
11564250 7
12377250 3
1046250 3
6751750 3
7034000 3
5037000 2
4770500 4
2386250 3
5911250 3
10477000 1
6683750 2
11167500 1
2138750 3
2448250 3
9121750 2
5865750 6
9811750 3
1499750 3
6272000 5
5735000 3
10297000 2
8230750 1
417250 3
1110750 3
3625250 1
4809750 3
9179500 1
4184250 2
1240250 3
11440500 3
11616250 1
4063000 3
9782500 3
1181250 3
7375000 1
8170750 3
8666500 3
12384250 3
10264750 3
9628250 3
266500 3
10756500 3
9720000 3
6977000 2
1985250 3
309750 1
2882750 2
8129250 2
7892000 3
9592500 3
8195000 1
6619500 3
11737250 3
4658500 1
7322250 3
11129250 3
9215000 3
5143250 1
9438000 3
5726500 1
7060500 3
4447000 3
1025250 2
8822250 3
1727500 3
12229000 4
8799750 2
9512750 2
3675000 4
5239500 3
69500 2
1459750 2
9212500 3
7002750 3
472000 7
4257000 1
6849750 3
83250 3
7830250 3
3168000 3
5745000 3
8314250 4
2676250 3
10818500 1
8243500 5
3096750 3
5440500 1
1114000 3
7494250 3
19500 2
2752000 6
8248750 3
6694750 4
5539250 3
3215500 3
10119250 3
9437500 3
11939000 3
1953250 5
10229250 2
11141500 3
711500 2
6301250 4
764000 1
3288750 3
64000 3
10257500 1
965500 3
3742000 1
10713250 3
4547500 3
8435250 2
6258500 3
6904000 3
393250 1
2132250 3
1806750 1
7286500 2
4189500 3
3781500 3
5899750 3
8529750 3
4620000 1
9163000 3
887750 2
6140500 3
2078000 1
2968250 1
10234000 7
4195500 3
1724250 3
2975500 4
11613500 3
6807250 2
747500 1
4421250 1
12388250 3
5959000 3
11121500 2
11947000 3
5769750 1
11158000 5
9694750 3
4059500 1
2198750 1
10393750 1
3524750 1
2988000 2
1338750 2
1622500 3
3892750 2
8149250 2
3363000 1
7785250 3
10052000 2
1812000 2
12142750 3
8070000 3
2033500 5
9973000 3
8346250 3
10774750 1
10309250 1
6061250 3
4025000 2
2480750 3
7269250 3
3304500 7
1966250 3
2148250 3
4073250 2
10224750 3
3310750 1
11631250 3
5110750 2
8385000 3
10840750 3
746000 2
599750 2
4921000 3
4716750 2
5407750 1
8280500 2
1688750 1
11949750 2
3734250 3
9839750 3
11494250 1
6957500 2
984500 3
861250 3
8096750 3
10057000 3
8271000 3
439000 3
8649250 3
6003750 3
12234750 4
10799000 3
2891500 6
7143250 4
2733500 3
11894500 3
11220500 3
5697750 1
1934750 3
3350250 5
892500 3
776750 1
1767500 3
6571000 2
10588000 1
8160750 2
10185750 3
11923000 3
5642000 3
6247250 1
1459000 3
5465250 1
8215250 3
5915250 3
5987000 3
6852750 1
8861500 1
11972750 1
10539250 3
8628250 1
5901250 1
6497000 3
725000 3
2428500 3
11711250 3
2807500 4
11527500 3
10312750 4
11984750 3
6921750 1
5440750 7
11503250 3
4215750 2
11683250 3
6067750 3
5994250 3
7184500 1
9651250 1
8848250 3
6900500 3
8033500 3
7893250 3
10979500 1
1047000 2
4625750 6
7703750 4
1620500 2
11032250 3
799000 1
4533750 1
10069500 2
6634500 3
3149000 3
5012750 5
10927500 3
9394500 3
4922750 1
1528500 4
5742000 1
2557000 3
2006000 3
5751500 2
203750 2
8072250 1
6523250 3
6848750 1
3257000 3
10592750 3
11283500 3
47000 3
10642000 7
2476250 3
4004500 3
10063000 3
8573000 1
5655250 1
9513250 3
6250250 1
9906500 4
7699500 3
7588000 4
8940500 1
12331000 3
11747250 3
2168250 3
5287000 3
12154500 1
5155750 1
1629250 3
6299000 3
2823250 3
8617500 4
12004000 2
11687000 2
6571750 2
2688750 2
11300000 3
7383000 2
7476250 3
6564500 7
11612500 1
5999000 1
8745250 3
9946250 3
3787750 1
7657250 2
4963500 1
1724000 2
4880250 3
3954500 3
1118250 2
1365000 3
4902250 1
5467250 3
7918750 3
7450000 3
252500 2
12173500 7
4133750 4
11078500 1
6412250 1
3846250 1
3010000 3
3312500 3
861750 3
236000 1
6015000 3
10261750 4
5226250 1
12239250 3
11362000 3
1855750 3
6848000 1
12015250 3
10816000 2
791500 4
6780500 1
12337750 3
7545250 3
9199500 1
8216750 3
39750 3
1173500 3
5238000 2
7483500 3
2492500 3
4782250 3
1906000 1
11734000 3
8049000 2
3590000 3
6713250 5
42000 3
6872750 3
7715000 1
745750 3
154500 3
9278500 2
10609250 3
4399750 3
7976750 1
8757750 3
3552000 1
10095000 3
11936000 3
2364500 3
7898750 1
10715500 3
448250 1
8111500 1
11625250 1
4259500 1
12015000 1
11558000 1
969750 1
10966250 3
7269750 3
8508750 1
6257000 4
4256000 3
5962750 3
371250 1
11794250 3
7345250 3
10492250 2
2187500 1
3288250 3
2940000 3
8216500 7
2076000 3
6155250 1
9394250 2
4631250 3
3799500 3
5293250 3
1086750 6
5261000 3
9352750 3
4886500 3
7003500 3
4501000 1
5052000 3
3511000 1
9173750 3
3861500 3
1838750 3
8949750 1
4118250 3
7787500 2
8051750 3
11313000 2
