2350750 29099,18075,15138,23779,16540
6572500 7868,29099,17945,7963,5797
12008000 7868,14020,14261,18075,20979
8555500 18180,26614,25372,12606,6246
425500 12285,9563,22094,8313,10480
4853750 18024,25596,22240,23134,19955
5980500 14580,25366,17959,27155,21400
4256500 7868,22484,22280,29547,19394
9039750 11196,14020,3627,3228,2257,7105
4115500 18024,26619,6731,2826,14470
12215000 7868,8689,3627,27791,3228,29099,14261,18024,26722,4949,2257,911,8637,11176,7105,12977,28653,16406,23779,12352,18805,679,18730,24601,24869,3151,29203,16110,14265,239,3032,25169,21110,11201,5043,13592,5336,14942,21838,14580,25618,14294,21672,25570,25260,17945,9620
591750 26722,4220,12220,12394,15315
3404000 3627,27791,554,28653,905,7096,5185,22246,21110,12606,9195,14294,6246,3719,28370,25669,4479,15911,3047,11280,619,28985,8446
7149500 11612,14930,2306,6767,5824
6126750 15019,22749,25169,21110,2669
4956000 ,11196,14020,29099,14261
7927750 7868,14020,3228,7105,3658,15138,16463,26288
7886000 2683,29099,12285,18990,23779,9111,24601,24869,5848,22749,15584,10702,15799,251,24503,21838,14580,18741,9472,2669,10282,21919,25488
9982500 2683,22484,10014,1392,17087
4606000 3228,12394,24869,25372,5848
145750 11196,21110,16939,5067,22094
10443000 7868,8689,3627,29099,14261,18024,4949,11176,155,12977,23628,12352,18805,4571,18730,22393,21110
1710500 7868,8689,3228,29099,14261,18024
9706000 2683,29099,12168,26722,4949,2257,11080,554,12977,20979,21865,28653,23284,11679,18990,20297,12220,679,26288,12068,22280,24869,29203,14265,949,21110,11022,2198,21838,143,21672,5067,25366,25260,17945,7692,20180,23735,17214,4039,22094,21372,3850,26728,530,29465,25022,25669,25488,10329,25933,23781,1773,11328,11060,10646,7737,7071,13888,7179,5661,2826,24385,9275,7297,5310,398,29330,28621,27539,25386,23340,21693,21533,16800,1565,14821,14780,5469,29363,22077,19539,849,3809
3913250 8689,14020,3627,12168,12285,7105,21865,12220,12394,8409,26288,29203,27625,25372,10014,21110,251,241,8628,5598,22583,1461,9230,28184,19217,12453,20154,14159,10329,9242,9948,5845,19405
1627000 7868,28641,20747,7820,25565
9351750 3627,3228,26722,11080,12977
6874250 2683,14020,29099,14261,12168,26722,2257,11080,8637,155,12394,18805,22280,22393,14265,15584,4324,29547,251,14580,143,14294,22583,17214,11052,21657,20300,9549,12747,6096,530,23143,23662,10329,11328,10646,28410,18905,6148,20456,18275,22547,14182,647,20470,16768,1771,9109,29095,26754,23831,17760,13483,993,8005,24844,19514,13962,11665,20207,9750,9236,8737,8565,8365,7203,690
5292000 12285,16463,23779,18805,24601
1194750 7868,2683,8689,14020,3627,29099,14261,27117,11080,8637,12977,12352,679,24869,83,5848,24461,25169,24669,11022,9563,21092,20551,25366,14969,8628,4281
5108000 7868,2683,8689,14020,3627,27791,14261,27117,26722,2257,11080,911,11176,155,12285,23628,23284,20297,12352,16540,4571,28270,15315,7061,18730,12068,24601,2963,22393,29203,8724,22749,15584,13592,9567,4324,29547,251,14580,13020,527,4254,22359,3313,21672,25260,22556,11790,6352,18868,8628
1617250 27791,3228,29099,12168,18024,8637,12285,23284,11679,15138,7061,24196,12068,25372,18002,4078,23861
4054000 24088,9090,20121,28124,11304
8145500 4949,24196,26523,4731,24392
567250 7868,27791,11080,7105,25372
12371000 14020,3627,14261,2257,12285,28653,16463,12352,9111,12394,2963,25372,10014
6867750 14020,25372,13020,4078,24788
1319000 14020,4220,12220,8693,9620
1832000 7868,11080,21110,2198,12287
3188000 12220,18741,12717,2655,14603
8430000 7868,2257,11080,8637,20979
29750 12220
980000 3228,29099,8724,19974,20180
3249250 7868,29099,14261,11080,18075
6099250 7868,14020,11080,16463,18180,4571,679,5185,25372
2050000 8689,27791,29099,8637,23779,21336,16110,27205,239,10702,24669,11022,23656
11772000 3185,1966,13779,5094,24015
10533750 8689,29099,14261,7105,679,26288
10915250 7868,18075,28653,12220,23662
6458000 1681
4557250 7868,18730,24601,29547,21838
405000 15138,25372,19394,1831,2655
7116750 11196,29099,2257,4571,24869
1815750 25169,16722,22359,16939,5067
1971500 14020,3627,27791,29099,18024,4949,911,8637,12285,20297,4571,26288,18730,21336,14902,24869,3151,7096,10014,25329,22749,15584,25169,21110,25086,23549,9563,15799,21092,14580,9195,18712,527,14294,8257,25366,7692,26546,7230,3804,21840,11000,4039,16331,10999,10193,26699,21657,14415,4960,21919,19421,19217,4479,27035,23662,13494,10329,27927,26576,25933,22043,15065,11280,10840,7737,4411,19405,1739,7179,3626,19166,12737
5170500 7868,14020,12168,26722,4949,2257
11111500 27791,2257,25372,21110,22029
6996000 2963,20578,25366,5330,24780
7016500 14020,3228,18075,7105,12977
3335000 12747,8719,5574,4913,325
6264750 29203,21110,8628,3458,1831
9202750 21110,23134,8622,335,20444
10302500 8689,679,21110,24503,14580,13020
3114000 7868,8689,155,15138,18805
452750 14020,2257,911,11176,21865,16463,12220,4571,14265
9716500 7868,12168,4949,11176,20297
8163500 7868,11196,3228,14261,15019,26722,4949,2257,11080,22484,3658,4571,679,8409,17389,4452,18730,24869,22393,16110,14694,25329,15584,25086,2198,21092,13592,29547
8869250 8689,143,15018,11578,8816
7367000 14020,3627,504,155,11679,20297,9111,16540,12394
8909750 3228,27117,12285,21865,15138
1579250 3228,12285,7105,12977,15138,16540,2452,28481,25372,15584,10702,2198,9567,5336,19891,13020,4078,18712,11790
764750 7868,14153,29203,22749,21110
2910750 4039,19828,24425,1372
12417500 15584,7208,3068,6617,29418
8156500 3627,20297,28270,15315,18730,24869,25372,21110,19974,2198,13592,4078,9620
3245250 26722,2257,18075,18730,22393
4423500 22552,23284,9111,18736,24193
2253250 7868,11196,2683,14020,27791,14261,18024,26722,11080,18075
10654750 28653,13390,4078,25420,14159
6766250 7868,14020,27791,11080,12285,16540,18805,23928
11632250 8689,18024,12977,4220,12220
5034000 7868,3228,14261,27117,11080
8845250 7868,11196,8689,14020,3228,29099,18075,22484,554,12285,23628,28653,18990,28924,12352,9111,12394,4571,23928,18736,15315,24196,18730,6571,239,15584,21110,9563,21092,13592,5086,4324,16722,143,13020,19394,16939,16818,25260,9620,7692,26546,17640,3804,17214,614,5799,4039,25596,26699,23482,20300,15831,14415,25022,24281,25488,17060,29197,14661,11776,15934,10840,6880,619,5081,28391,934,8313,25687,28985,23698,1966,14894,13830,11329,5803,5310,4807,398,26871,24459,21693,5469,5267,4750,3913,28855,21979,489,4846,29265,19686,18697,1222,10584,24571,21844,18496,1771,17429,11983,8651,6203,4939,3091,29331,28256,28124,24565,23103,21334,13070,12008,8495,7354,7038,28687,24616,12865,11482,10680,6820,28694,26464,20388,16672,15734,13962,11826,11687,10133,25138
154750 11196,16463,29203,8943,25960
11493000 7868,8689,554,12352,20578,5067
9079500 7868,29099,23779,12220,21336
8730250 7868,8689,3228,18024,26722,11080,911,11176,12977,28653,23284,11679,4571,23774,12068,24601,16110,15584,2198,9567,14580,8257,17945,8278,18868,28463,21067,21657,19632,530,25488,23662,7400,28662,15934,5845
65500 7868,14020,3228,29099,18024,8637,12285,7105,12977,23284,18990,4571,23928,18736,26288,7061,24196,18730,2963,2452,25086,2198,4324,29547,7208,13020,2513
232000 7868,14020,3228,7105,21865
832250 11196,27791,3228,18024,2257,12285,7105,4571
10054250 14261,20297,18180,19660,679,4452,29203,25372,949,21110,19891,13020,12606,10970,7680
4503500 3627,4949,11176,12220,24193
11142000 7868,3627,29099,11080,18075
5220750 8689,12977,24196,17060,25933
12204750 15019,6571,24869,22749,4078
10521000 7868,8689,14020,3228,11080,15138,18805,24196,25415,9472,17835,14415,23475,21565,18575,12431,9486,27906
1561250 7868,11196,8689,14020,3627,14261,12168,26722,4949,2257,11080
5812000 2683,11080,679,21838,4039,11052
12065000 3228,24196,10999,14120,6154
190500 21865,9620,4281,7963,15934
3977750 8689,11679,16463,24601,5848
10401500 7868,27791,26722,11080,18075,20979,16463,18805,7096,5848,25329,24669,24541,21838,3313,21672,17945,11052
4814750 7868,14261,679,19394,15934
11307500 11196,18180,12068,22393,7096,21110,14580
3588500 7868,14020,3627,27791,18024,4949,11080,8637,12285,2367,23284,20297,23779,12352,18180,16540,18805,4571,28270,679,24196,18730,21336,14902,25372,5848,10702,949,21110,25086,9563,5043,23612,2610
282500 2683,14020,911,25372,24541
10885750 21865,23676,5098,20595,10038
887500 11080,25372,29547,9549,18946
10322250 7868,16463,9111,679,8724
3148500 8689,3627,155,12285,23779,23928,28270,22126,10702,14580,4078,12795,11790,8278,11543,11052,10999,3850,28370,10282,12162
11169500 7868,14020,14261,15019,7105,4220,12220,18180,12394,15315,26614,22280,24869,24193,27625,10014
10598500 26722,155,7105,23284,16463
3075000 26614,6908,201,12173,15918
4102750 28924,18712,5803,26894,5267
848500 7868,11196,14261,12977,23628,28653,16406,16540,12394
3293750 3627,29099,18075,554,20297
341000 7868,8689,14020,14261,15019
267250 11196,3228,7105,12977,2367,16406
6654750 7868,14261,26722,4949,7105
5957500 8689,12168,4949,11080,8637
4475750 8689,14020,3627,3228,29099,14261,18024,26722,4949,11080,8637,22484,11176,155,12977,20979,3658,2367,23284,18990,20297,9111,16540,18805,4571,20536,28270,679,23774,18730,12068,14153,2963,24869,22393,7096,14265,25372,5848,22749,15584,21110,19974,13390,21092,13592,5086,251,21838,14580,4078,18712,7323,527,22359,20551,1731,25570,25260,17945,9620,6352,3719,8278,21840,11612,4281,28641,28463,19973,25596,22179,21067,17606,17153,6104,26699,21657,9549,7812,28370,15831,23475,17959,10570,27155,25488,21071,2033,19421,12162,8965,4479,23662,20154,10329,7850,25272,217,15934
7190750 27791,14482,9413,9072,14526
7445000 18075,25372,21110,1831,12754
12231250 3627,29099,14261,26722,11080
1441500 12220,23928,29203,25372,26546
9842500 7868,2683,8689,18024,26722,4949,2257,11080,11176,2367,12352,18805,24601,5848,21110,25086,13592,24541,21838,28463,17706
7320250 18805,15584,26728,24831,934
3009000 7868,8689,3228,14261,15019,27117,11080,11176,554,12977,15138,679,24196,5627,24869,22393,8724,16110,28411,6352,7230,21840,11000
2331750 7868,8689,3627,3228,29099,22484,21865,28653,18990,15138,18805,4571,15315,24869,25372,22126,15584,21110,13390,11201,21092,24541,14580,22359,17945,9620,21840,8628,24886
4907500 11196,14020,18075,12285,7105
4680000 16463,12220,25372,9985,19197
4454500 8689,3627,29099,15019,27117,28653,23284,15138,12220,24869
2251750 7868,27791,2367,18990,23779
382250 7868,8689,14261,26722,15138
5952250 14020,8637,12285,24196,5067
239250 7868,3627,11080,911,12285,21865,18805,24196
4804500 24306,28465,164
9044750 2945,27483,22864,16808
10696000 504,20979,23284,20297,26288,14153,25372,21110
5199750 20979,679,15315,5848,4039
3952000 11196,3627,29099,26722,7105,2367,16463,12352,12220,9111,18805,679,15315,6571,25372,10014
2756000 15019,11176,12285,15138,20297
140500 23779,12394,28270,24196,18730
11496750 7868,4571,13020,10948,9549
7600250 7868,3228,26722,4949,2257
6433000 16463,17087,24385,10584,12182
2704750 3658,23656,13592,21838,22359
6515500 8689,29099,18075,16540,24601
7568750 12285,16463,22280,21672,8628
528250 11196,14020,29099,27117,155
3226500 7868,8689,27791,12394,5185
6334000 679,5598,23662,9688,1672
1189000 3627,15019,4949,11176,23628,28653,11679,18990,16463,679
4378500 8689,27791,8637,11176,7105
7211250 29099,7061,23656,21092,23103
5754500 7868,11196,14020,3228,29099,15019,12285,7105,12977,15315,24196,7096,27625,22749,21092
7810250 27791,8637,11176,25415,19394
7513250 20979,16463,23928,6571,29203
3520000 7868,8689,14020,3627,27791,29099,18024,11080,911,8637,155,7105,28653,23779,12352,18805,23928,28270,679,15315,21336,14265,22126,10702,25169,21110,24669,25086,9563,251,7323,21672,12795,25260,17945,26546,18741,11000,6672,5598,6104,2669,22094,21657,26728,15831,14415,21919,25488,4479,2999,28065,23662,10329,27927,6880,28410,7827
4852000 7868,14261,26722,2367,18990
5027500 11679,25372,27092,7552,642
1517000 12977,21865,20297,16540,6571
8622000 19829,11638,15935,14976,9291
3396250 18024,15138,21838,4078,16939
8353250 14020,3228,27117,11176,155,12285,7105,23628,20297,15315,29203,27205,25372
8123500 14261,8637,949,4078,3390
573000 7868,14261,504,11080,11176,28924,679,13390
3552000 24385
8910750 7868,14020,29099,8637,21865,2367,12688,12220,18180,4571,23928,26288,26614,24503,143,12606,10970,2513,22556,6246,26546,20180,5598,24886,22317,10948,11330,2669,23482
299750 7868,3228,29099,14261,18024
1969000 14020,11080,911,20297,12220,4571
5011500 11196,27791,4949,911,18075,12285,7105,3658,11679,18990,16463,4220,23779,12220,16540,23928,15315,22280,2963,3151,29203,25372,5848,15584,26523,21110,19974,13390,11022,9563,5043,4078,2513,20551
4035250 911,11176,12285,18730,6571
12275500 14020,23779,24196,25372,239
7450000 7868,8689,27791,3228,14261,4949
3795000 29099,26722,7105,21865,11679
8528750 11196,27791,3228,12285,15315
4376250 7868,8689,14261,26722,11176,2367,4220,4571,29203,25372,15631,21110,14580,7680,25260,17945,1758,9549
4304250 7868,14261,15019,4949,679
1531250 7868,14020,3228,12168,4949,2257,18075,11176,7105,12352,12220,12394,4571,18730,22280
10018000 7868,11196,27791,11080,11176
2103250 11196,8689,3627,18024,8637,18075,12977,4220,23779,12352,16540,12394,18805,4571,679,18730,28017,24601,22280,21336,14902,24869,3151,7096,25372,26523,21110,19974,11022,23549
7860250 24746
5279750 11196,8689,3228,29099,14261,27117,911,554,12285,12977,21865,12220,4571,23928,26288,7061,18730,28481,14265,5185,10014,5848,949,3032,13592,19891,14942,21838,16722,10970,25570,25366
5828250 21865,16540,2963,4808,21919
6233750 21865,15138,4220,16540,2963
11761750 11080,554,20979,23928,15315
6205000 9195,8628,17214,10908,17153
9069000 7868,11196,8689,3627,3228,14261,18024,26722,4949,2257,11080,911,11176,155,7105,20297,12220,4571,679,18730,28017,26614,24869,22393,5185,239,22126,21110,21092,24541,14580,11790,9620,21067,7542,6096,19217,23662
2797750 8689,3658,28270,251,143
9420500 25372,2826,13238
9794000 24886,17835,9301,14182,14626
6266000 8689,12220,22749,15584,14580
5059000 24869,21838,9195,17214,23662
4097500 9620,6672,13779,14120,6299
2626250 7868,11176,13020,19394,5598
9685000 17945,26728,934,3185,5403
11225500 16463,20297,24869,29203,27638,25372
4370750 7868,27791,23628,11679,29203
8523250 8689,3627,4949,2257,11080
847750 18024,11080,18990,15138,12220
9244000 7868,8689,29099,18024,7105,2367,23779,18805,22749,10702,21110,24541,16722,25415,9620,11612,6672,22317,23482,22094,20300,19632,14415,24841
8102000 2683,29099,18990,12394,26614
1792000 7868,29099,15019,504,11080,8637,11176,20979,16463,28924,16540,23928,7061,24869,3151,29203,16110
8633500 4452,26394,255,8148,6731
6412750 14020,15019,26722,11080,22484
9463750 11196,27791,14261,8637,7105
9076750 18075,12285,20979,16463,20297
11352000 7868,8689,14020,29099,14261
1782250 18024,2257,8637,155,12285,21336,22749
11782250 18002,17748,7127,13749
9979000 7868,8689,14020,3627,3228,29099
1074500 7868,14261,4571,679,15584
6354500 24307,5377,26159,25605
11874000 14020,11679,4220,12220,18180,24196,22393,3151
7218000 7868,14020,27791,3228,14261,2257,911,12977,20979,23284,11679,20297,23779,12220,16540,23928,28270,7061,24196,18730,24869,22393,3151,7096,16110,15584,10702,26619,24669,11201,5043,2610,12541
11022500 15019,28653,12220,23928,26288
11579750 11196,14020,14261,26722,12688
10790500 26722,7070,8313,22547,27060
3272000 21315,3534,28230,25770,25544
3089500 14020,4078,1917,16754,15089
5248750 3228,15019,4949,155,28924
5608250 7868,15019,18075,16463,12394
2616250 17458
10831750 5640,8307,17024,13482,1006
2768250 9549,21565,14930,6447,23421
8701250 3228,2257,18180,18805,4571
7921500 14020,18075,12220,24196,2963
3344750 14020,27791,29099,26722,11176,12977,21865,15138,28924,12220,23928,4452,24196,28017,26614,22393,22749,15584,21110,11022,17748,2610,14580,9195,22359,3313,25570,17945,18741,17640,28463,17214,17606,11330,26728,14415,11431,7542,530,4059,25488,10404,14533,11776,10329,8792,2421,217,14930,12271
11601500 14020,3627,4949,2257,11080,155,11679,20297,12220,4571,679
1699500 15019,16540,25260,1831,24715
9802000 7868,3627,26722,4949,11176,155,28653,11679,15138,16463,16540,18805
11321750 7868,14020,3228,29099,14261,11679,18730,24869,16110,28481,27205,949,13592,29547,19891,21838,143,4078,2513,21672,25260,7997,5799,15390,15018,25488,17060,23662,28662,2368,16217,15065,12271,1000,28391,13888,934,3390,11578,11524,9906,7552,5661,28985
5780000 7868,3627,14261,27117,4949,2257,11080,911,11176,155,12285,7105,23628,20979,21865,28653,11679,28924,9111,18180,16540,4571,23928,18736,15315,7061,26614,21336,24869,22393,10014,5848,15584,11022,23549,9563,21092,24541,19891,7208,4078,28411,19523,19394,18712,23861,1392,22556,7692,20180,18868,1335,17214,4039,1461,17061,22313,11431,7248,21919,17959,15390,749,27155,24788,21071,19421,17060,14533,11776,10329,9242,574,4709,27927,27092,23781,23214,1773,17470,15534,11328,1000,7071,4411,3740,29224,28410,27514,20800,13888,8842,8313,7560,7059,3626,27906,2729,24274,11524,8719,7037,5814,5661,2655,25651,24306,20896,1533,14894,11329,4807,471,4644,29364,29330,26871,26665,25830,25386,21533,18515,15661,14917,14780,14292,14065,9340,5094,4172,28465,26789,21979,17446,10176,7045,4846,29473,26737,2160,2128,17921,17013,1666,13471,1222,8316,7927,7004,25793,23134,22836,21844,2173,21094,19903,19680,19113,13460,12512,9846,6741,6665,6242,6080,3590,2971,29095,28885,28347,27888,27448,27257,26860,26378,26308,23782,22529,15811,14794,13285,13039,10325,7706,6431,539,5157,26568,22489,21758,19829,19514,19431,18271,16836,14226,13776,12865,10680,8296,7856,27955,26583,25510,21796,20190,15021,13734,12209,11687,10928,6331,5912,4270,2270,20207,19458,13450,943,8439,7682,7648,763,7304,7133,696,6569,6361,6357,622,6143,6036,5796,5740,5705,4802,4758,4520,4332,4047,3723,3482,347,3462,3369,29464,29418,29269,29204,28993,28917,28631,28484,28342,28271,28181,27895,27821,27765,27523,27441,2722,27050,26744,26493,262,26171,25792,25526,25380,25352,25338,25213,25142,24986
5910250 11196,554,25372,21092,14482
6897000 7868,11196,8689,14020,14261
3981750 11196,2683,14020,27791,3228,18024,2257,7105,2367,16463,12220,16540
6150750 554,4220,23779,2963,10014
9344000 20979,15138,2963,5848,26619
854250 7868,29099,2257,11176,12977
3326250 25372,18712,614,10404,20154
8702500 7868,11196,3627,27791,3228,14261,18024,4949,11080,11176,12285,7105,15138,23779,12352,16540,4571,18730,21110,29547,21838,18712,8257
9488750 3564
1324500 7868,12977,21865,12352,19862,12394,21110,2198,5336,4324,7208,12606,14482,28463,7260,2669
6140500 26722,554,21110,28410,9180
8017000 23284,22280,21092,9567,16818
5068750 5319
4994000 14020,15138,25596,17087,17060
10566000 7868,27791,18024,8637,18075
7797000 11196,3228,7105,11679,24196
5336750 7868,14020,3627,14261,26722,11176,12352,4571,679,21336
3282250 7868,8689,29099,21865,24601
981000 7868,11196,8689,14020,3228,29099,14261,26722,4949,2257,18075,11176,155,12285,7105,12977,11679,15138,16406,12220,12394,18805,4571,28270,24196,18730,14153,22280
4336750 12285,16463,12220,29203,21110
10064500 2683,29099,21865,12220,12394
1244250 14261,11080,18805,679,2963,22246,15584,4324
2737250 3228,29099,7105,21865,18805
6458250 4571,22280,7096,27205,7692
6998500 7868,8689,3627,29099,14261,4949,911,3658,12352,4571,679,24601
11535250 14020,26722,2257,11080,7105
7163250 8689,14020,3627,29099,14261,18024,26722,2257,8637,11176,155,12285,23628
6172000 12541,25366,15018,10840,1037
1525000 7868,11196,3228,2257,11080
4844000 7868,14020,14261,26722,4949,11176,12977,23284,15138,12220,24196,25483
1492500 7868,8689,3627,3228,14261,18024
3035250 7868,11196,2683,14020,12168
731750 11196,4949,12285,679,29547,9195,1731
5898500 15019,26722,7105,23284,19862
7545250 14020,3228,29099,14261,18024
5082750 7868,11080,155,12394,23928
10628500 27791,27117,18075,12285,15138,16463,20297,23779,16540,12394,23928,18736,21336,24869,7096,25372,26619,21110,23549,9563,21930,21092,9567,143,13784,13020,4078,19394,14294,17945,6352,17640,14482,28641,4039,22313,19632,1831,4059,11857,6621,27035,20154,11776,10329,15065,7071,4411,8842,7059,3185,15638,12159,11524,7037,5661,476,4510,2655,24385,20751,1966,4807,398,25386,24944,16500,12078,9340,2945,20386,18612,14182,8483,7045,29473,28945,25793,21950,21078,14523,14119,12512,12013,9846,7943,6374,5652,28347,26860,21706,15988,1546,14233,13285
11391250 28924,10840,5845,6546,22244
2088000 7868,14261,15019,26722,11679,4220,18730,26614,25372
7687500 7868,8689,3627,3228,29099,4949,911,18075,12285,21865,15138,16540,12394,28270,23774,18730,24869,22393,29203,22749,21110,2610,13592,18712,22359,20551,16818,25366,25260,20180,18741,17640,14969,8628,28463,7963,28370,21883,15831,15018,10570,20661,14498,10404,23662,20154,14533,14159,27092,25933,15934
5024500 7868,11196,8689,3627,3228,29099,12168,26722,2257,18075,7105,12977,15138,20297,12220,12394,18805,4571,18730,24601,22280
6754250 18024,4949,11080,12977,28653
2200750 14020,11080,18075,11176,12285,11679,16463,18805,4571,15315,18730,12068,22393,7096,25372,2610,12541,9567
7854500 14020,3627,3228,29099,14261,26722,4949,11080,11176,12285,12977,11679,16463,4571,679,14902,29203,25372
4087750 7868,3627,27791,29099,14261
317500 7868,29099,4949,11080,8637
1446250 7868,11196,2683,8689,14020,29099,26722
11646500 11176,16463,21110,13975,7552
9782000 14020,3228,7105,20979,21865
5491500 7868,14261,18024,12285,15138,16406,9111,16540,26288,7061,4452,24601,21336,2963,24869,2452,29203,14265,25372,239,22749,15584,25169,21110,19974,13390,2610,21092,12541,9567,16722,4078,23861,16939,25366,18741,9472,8628,5799,21067,7963,25212,14048,15390,20661,18575
6014750 28653,12220,12394,679,21110
4782250 27791,29099,15019,26722,11176
4850000 11196,14020,3228,18805,24601
4153000 3228,29099,11080,18075,21865,9111,4571
11339250 21838,7169,6828,6287,3174
620500 7868,8689,3627,27791,14261
7306250 7868,8689,29099,26722,4949,11176
11137750 11080,8637,12977,12068,24869
4037500 26614,25372,13247,10948,19993
3895750 8689,3627,911,12606,13247
5082500 14020,12285,7105,12220,25372
6768000 16818,7827,18491
69500 7868,11196,14020,29099,18024,4949,2257,11080,8637,12285,23779,12220,12394,18805,4571,679,15315,18730,22280,24869,16110,22749
2808500 11679,18990,12394,24196,25372
364250 11679,22280,16079,14545
10000250 19974,9563,5598,17153,16331
200250 8689,27791,14261,11176,12352,679
2852250 2683,29099,14261,26722,4949
650750 16406,12220,12394,23143,9242
10976250 8689,12285,11679,15138,12394
6700250 14020,4949,11176,18180,18730
6380000 12220,24196,22280,17748,1831
12386500 2367,12795,16300,10690,24726
3549000 7868,27791,14261,504,12285
10773000 7868,11196,3627,26722,2257,11080,911,11176,12285,12977,16406,12352,18805,18736,22280,8724,16110,25372,21110,143
11131750 7868,11196,18075,7105,23284
12028500 11196,18024,22484,11679,16540,679,24869,905,28481,15584,3032
11847750 10948,3555,7827,19166,24447
805750 7868,18024,28924,12394,18805
1530250 14120
5254500 7868,11196,8689,14020,14261,4949,11176,12977,23284,12352,18805,679,24196,24601,24869,22246,13592,29547,24541,7208,25618,12055,22359,3313,21672,13247,6672,19973,10948,21067,20300,17835
1838000 2963,21372,12283,11259,21971
9807250 7868,2683,26722,554,2367,15138,16540,4571,21336,7096,10014,5848,25086,4324
4186500 11196,7105,15138,12394,24196
1140750 7868,8689,3627,29099,14261,18024,911,11176,21865,15138,10014,3032,21110,25086,2198,12541,7208,143,12055,527,22359,7692,9472,3804,2208,4808,19973,16331,10193,26699,23482,9549,22313,10726,23475,27155,25669,20661,19421
7103000 7868,11196,14020,15019,26722,11080,11176,28653,12394,679
3903500 29099,14261,15019,4949,15138
3963750 14020,3228,29099,14261,4949,11080,911,18075,11176,12977,18180,18805,4571,18730,26614,22280,22393,7096,24193,10014,25329,21110,251,13020,12606,16818,25260,6352,18741,28641,21067,17606,11330,26699,2669,21657,21372,9549,28184,14048,23475,21919,11857,25488,19421
6683250 26722,679,18741,3324,28641
5693000 14020,554,11679,15138,12220
11114000 18024,16463,23928,25372,21110
1758250 27791,29099,12977,23284,6571
6358500 504,16873,10194
11730000 3228,18024,22484,20979,16406,23779,8724,5848,21110,13390,23656,11201,23549,5043,5086,4078,2513,4931,14294,9802,9472,7230,14969,16331,7963,3850,29465,21565,15390,29445
12061000 18075,12977,16463,21110,5086
1909250 29099,504,20297,18180,679,22280,2963,27205,25372,10014,26523,24461,21110,19974,12541,2803,14580,4078,16818,6246,23896,8628,5598,4039,11330,20300,28184,24645,7542,11857,10570,6326,21975,17060,23662,20154,23214,28410,3384,20516
11701500 14020,18024,12285,12977,23284,11679,15315,24196,22280,7096,29203,25372,15631,10014
10592000 7868,11196,14020,3228,29099,14261,4949,2257,11080,18075,11176,12977
3054250 14020,3627,14261,18024,12285
1381000 14020,29099,14261,2257,21865
6400000 12977,23628,20979,2367,16406,18180,16540,28270,15315,2452,9567
3719250 11080,15138,20536,679,25372
10972250 23779,18697,24892,12491,13672
3031750 7868,11196,8689,14020,3627,3228,29099,14261,18024,27117,26722,4949,2257,11080,911,8637,18075,11176,12285,7105,12977,23628,20979,23284,18990,16406,28924,12352,16540,4571,28270,679,23774,26288,7061,18730,6571,2963,24869,22393,7096,29203,16110,28481,27205,14265,5185,25372,22749,15584,21110,25086,4324,29547,14580,13020,18712,7323,23861,16939,3313,21672,25570,241,9620,7692,3719,9802,3804,7567,6672,7260,24942,21067,11052,2669,9549,6158,28370,19632,18388,1831,29465,29202,27052,23475,23143,21919,21565,20661,19421,17060,12431,4479,23662,13494,10329,8792,25933,25272,23214
10653250 7868,29099,18024,8637,12285,7105,20979,2367,28653,11679,16406,12352,18805,24869,2452
7435500 8689,29099,14261,18024,2257
6603750 12352,21110,7230,217,13888
691500 7868,11196,8689,27791,3228,29099,18024,11080,8637,12285,7105,12977,20979,2367,28653,11679,20297,12352,18180,23928,28270,26288,15315,7061,18730,14153,29203,8724,5185,239,22749,26523,3032,21110,19974,13390,24669,23656,10893,25086,9563,5043,21092,19891,14942,21838,4078,25415,527,16939,21672,16818,9620,6246,26546,17640,7230,22664,21840,11543,4281,28641,22317,4039,9657,6104,26699,2669,23482,23013,21372,11018,7963,15831,24081,21919,15390,29445,20661,14498,12431,8965,20154,8792,7850,27092,2568,15934,14930,13737,10840,25733,7560,26618,24984,19166
5264500 7868,11196,2683,8689,14020,27791,3228,29099,14261,12168,26722,4949,18075,11176,7105,12977,2367,11679,20297,12352,12220,12394,18805
38250 18024,4949,2257,11080,11176,554,20979,21865,15138,28924,9111,18805,24196,18730,7096,29203
2771250 14020,29099,26722,155,12977,23284,18805,8409,18730,2963,24193,14694,25329,9563,14942,7208,143,12606,2513,22359
9288000 2683,14020,26722,9563,19394
9103250 14020,12220,9563,19394,1831
1247000 7868,29099,14261,5043,18712
3684750 14020,12285,16463,20297,12220
3317500 7868,3627,27791,14261,18075,155,554,7105,15138,9111,4571,679,26614
9972250 15138,24601,25372,21110,12606
2870250 11196,14020,27117,7105,20979,23284,19862,7061,22280,2963,24869,7096,27625,5848,25329,21110,23612,143,14294,3719,10948
8997500 10726,647,9656,8234,6767
7323750 11196,14020,554,16463,29203
5354000 7868,11196,14261,18024,23284,18990,12352,12394,679
8324500 14020,3228,4949,12285,12977
7361250 27791,21110,9563,24541,17835
5968250 11196,3228,29099,12285,12977
380000 554,16540,22749,15584,1392
418500 15138,18002,6326,17429
1793250 14020,4949,2257,11080,7105
2921750 7868,11196,14020,27791,3228,26722,4949,2257,911,8637,11176,7105,12977,21865,12352,16540,18805,679,24196,18730,28017,22280,27625,14265,22749,15584,21110,11201,10893,25086,2610,29547,251
434750 3228,18075,7105,20297,12394,4571,15315,24196
5847500 7868,2257,11080,12285,21865
861750 27791,23284,28924,29203,13020
5522250 7868,8689,3228,29099,26722
8060000 18024,8637,29203,10702,21110
5139250 3627,29099,14261,4949,11080,911,8637,11176,12977,21865,18805,4571,679,18730,21336,22393,16110
5654000 7868,14020,3627,26722,2257,11080,4571,14902,22393
3592750 7868,8689,3627,2257,155
8792750 7868,25372,29547,12606,17640
4895250 7868,3627,29099,18024,21865,23779,18805,4571,18730,12068,24601,14902,25372,10014,5848,21110,24541,4078,527,22359,21672,11790,9620
11590500 7868,14020,3627,29099,18075
3405000 2683,8689,26722,11679,19974
2378500 3228,2367,11679,16540,4571,18736,23774
10047250 18002,22556,5598,21372,18167
4712250 2963,18388,20902,2891,22889
3573750 7868,14020,26722,4949,11176
3581250 14020,504,18075,18990,16463,12352,9111,16540,18805,23928,26614,22280,25372,22126,5848
10112000 21110,9817,2471,6839,6900
2874500 7868,14020,14261,26722,2257,8637,22484,12285,22552,28653,12220,18805,21336,2963,16110
2232500 7868,11196,14020,3627,14261,11080,911,11176,12977
4967250 7868,8689,679,22280,9549
6957500 7868,8689,12977,28653,16463,9111,18180,18730,14153,905,29203,25372,22126,5848,10893,2198,29547
11046750 8637,5799,18575,7169,27198
9123500 7868,2683,12168,22484,3658,15138,12220,7061,14694,25372,21110
4047000 11196,2257,7105,21865,11679
11434750 9985,26969,7567,10840,7071
5906250 14020,27791,3228,14261,11176
10212500 18730,24081,24788,29095,16849
10845500 29099,18075,12285,28924,13390
3216500 7868,3228,14261,21865,20297
2788750 7868,14020,3627,27791,3228,29099,14261,18024,4949,2257,11080,11176,12285,7105,12977,23628,11679,15138,16463,23779,18805,4571,28270,679,15315,7061,24196,18730,22280,7096,27625,14265,10702,21110
1206500 7868,4571,5962
9015000 4691,4731,12433,2000,7090
5846250 21110,1831,19993,4750,18200
1104500 7868,11196,2683,14020,3228,14261
3266750 3228,29099,14261,18024,11080
5187750 7868,3627,29099,11080,4571
1063000 3627,15019,4949,11679,16463,16540,4571,24196
4876750 7868,14020,3228,11080,12394
4809000 12220,28641,1461,27637,7552
12016750 7868,3627,11176,28653,7061,18730,24601,22749,15584,21110,21092,24541,18712,9985,22359,11790,18741,23896,26699,10726,7248
5121750 15138,679,251,16624,5429
415500 7868,8689,18024,554,11679
2920750 7868,3627,3228,29099,14261,2257,911,11176,12285,12977,3658,11679,12352,19862,679,7061,12068,16110,21110,13592,251,14942,7208,21838,14580,527,22359,1731,21672,25260,17945,6352,8278,6672,21067,6104,26699,21657,20300,9549,6158,19632,15831,21919,27155,25488,19421,12162,4479,2999,23662,14533,13494,7400,27927,25933
5226500 7868,8689,3627,12168,26722
3751500 16540,15584,12606,20300,20661
621500 7868,2683,8689,29099,12168,4949,11176,28924,9111
7405250 26614,25372,21110,6246,11330
9436000 14020,504,21865,18736,6571
7568250 8689,4949,11176,12394,4571
5078750 3627,29099,14261,4949,11080,155,554,23628,18990,9111,679,22393,7096,27625,25372,25329,21110,13592,14580,13020,6672,19973,7260,9657,21657,20300
9586500 7868,8689,14261,4949,11080,7105,21865,4571,23928,24601
10768750 14020,4571,22749,25260,26394
1148000 23284,10014,15584,21110,1831
1661750 7868,8689,14020,3627,3228,14261,26722,11080,911,12285,7105,12977,23284,15138,16463,12352,18805,4571,28270,679,15315,18730,22393,3151,7096
10578000 7868,18024,11679,16406,23779
1911500 11196,8689,3627,27791,3228
6234000 7868,8689,27791,3228,29099,18024,2257,12977,18990,16463,4220,12352,18180,4571,23928,26288,2963,24869,16110,239
835000 7868,14020,29099,27117,8637,12352,26288,22393,5185,5848,15584,29547,16722,19394,25366,3719,4281,19973,21067,10999,2669
10933250 10404,4076,26758
11896000 7868,14020,3228,29099,8637,11176,7105
3723750 14020,15138,18736,18730,29203
4193750 11196,29099,28653,23779,18730
3211250 3228,14261,11176,7105,12977,4571,23928,20536,2963,16110,5185,239,22749,15584,13592,12541,14942
5438000 26614,21110,14533,20470,9870
1074750 7868,11196,3228,4949,2257,11080,11176,12285,7105,12977,21865,11679,15138,16406,12220,18805,4571,679,18730,24601,16110,29547,14580,527,21672,241,22556,9620,6672,19973,1831,12747
563500 7868,2683,14261,15019,4949,11080,22484,7105,12977,3658,28653
9055750 18024,2367,21110,11201,251
3661500 21110,12754,13853,9548,7312
3014750 7868,11196,14020,3228,7105,21865
10944750 8689,11080,155,679,15315
2322750 15138,25372,10893,12754,17060
11552750 27791,4949,11080,8637,12220
3849750 26699,9549,21071,27448,27389
8100250 7868,27117,26722,554,7105
10546500 21838,28508,5955,22184
8172250 7868,21110,20338,7354,2217
1165500 15423,23007,6805,28135,290
4317250 20979,16463,12220,18180,26288
2182750 8689,26722,4949,2257,21110
11340250 2257,7105,12394,7096,10014
9671750 7868,26722,2257,16463,29203
11397250 12977,19673,7762,19252,27537
3644250 7868,27791,3228,29099,14261,18024,27117,26722,2257,8637,12285,12977,16406,20297,18805,4571,23928,18730,24601,24869,22749,24669,9563,14580,4078,8257,9620,6352,3719,7230,3324,24886,4039
11564250 14261,22484,16540,4571,25483,15584
12377250 7868,8689,14020,27791,3228,14261,11080,18075,12285,21865,11679,15138,16463,20297,12394,23928,679,15315,24196,24869,3151,27625,27205,25372,22749,15584,21110,9567,5336,21838,13020,4078,16939,3313,4281,5799,17606,9657,26699
1046250 14020,27791,3228,26722,2257
6751750 554,12285,3658,12352,22280
7034000 27791,18024,27117,12285,23628,2367,28924,16540,23928,22280,29203,8724,27205,25372,239,10014,15584,3032,25169,21110,19974,11022
5037000 7868,11196,8689,14020,27791,29099,14261,26722,4949,11080,911,12285,7105,12977,16406,12220,12394,4571,679,26288,18730,12068,24869,25329,15584,9563,29547,251,21838,14580,12055,527
4770500 2683,14020,3228,12168,11080,18075,21865,11679,20297,12220,12394,15315,24196,28017,2963,24869,27625,25372,26619,2610,21092,13592,29547,7208,14580,18741,13554,4808,22317,21372,17835,1831,11767,28975,25917,10404,14533
2386250 12394,7061,27625,1392,7070
5911250 7868,12352,9620,21632,22489
10477000 25212,5912,8007,27151,23045
6683750 3228,14261,4949,16540,6571,22393,29203,25372,26619,21110,19974
4852500 7868,2683,14261,11080,911,2367,18180,26288,14902,2452,9563,13592,24541
11167500 2469
2138750 7868,18805,24196,21838,25415
2448250 12977,21865,11679,15138,20297
9121750 7868,2683,3228,11080,2367,18805,4571,5848,949,26523,21110,19974,251
5865750 7868,11196,8689,3228,2257,911,20979,28653,18805,14265,3032,21092,19891,16722,16939,10268,28641,4039,25420,26699,530,21919,25917,24831,1031,23662,14159,5845,5443,27511,20896,20803
9811750 12220,9111,4571,10014,21110
1499750 1831,23662,8669,20127,8111
6272000 554,24601,2803,12055,11790
5735000 7868,2683,3627,12168,2257
10297000 18075,4324,25058,28463,7737
8230750 7868,4949,11080,12977,22393
417250 3627,2367,12068,22749,15584
1110750 16463,21110,20578,1461,3458
3625250 18180,26614,10014,21110,5086
4809750 7868,11176,16463,23779,679
9179500 11196,14020,20297,12220,24196,26614,5883,17214
4184250 11196,8689,14020,3627,14261,15019,4949,2257,11080,8637,11176,21865,23779,12220,16540,23928,15315,18730,24601,14153,7096,27625,25329,15584,29547,12055,241,3719,20180,17640,10908,4039,21657,26728,11767,21565,25488,10404,2999,255,23662,10329,25933,11465,619,5081,4411,7059,3390,25687
1240250 8689,14261,16463,16406,20297
5320000 7868,11196,2683,8689,27791
11440500 3228,14261,504,26722,11080,7105,2367,11679,16540,679,6571,22393,29203
10513000 5429,21186
11616250 21672,21975,11776,5625,9829
4063000 11196,16463,4571,22280,19974
9782500 7868,14261,27117,4949,11080
1181250 7868,8689,15019,23628,23284,18805,23928,6571,22749,26523,21110
7375000 18075,554,16463,12220,24196
8170750 23143,21919,19217,2826,1966
8666500 911,18075,679,24601,29547
12384250 12977,21865,3658,23284,12352
10264750 14020,14930,7552,5613,18689
9628250 7868,18024,23779,7323,11767
11716000 15315
266500 9657,10282,255,9486,9487
10756500 12977,4452,21336,9563,14942
9720000 7868,28924,9111,23774,24601
6977000 7868,5334,12964
1985250 11196,2683,18075,12285,21865
309750 28653,15365,12431,20902,4307
2882750 11080,679,4452,5848,21672
8129250 7868,11196,8689,3228,8637,554,18805,18730,21110,25260
7892000 11196,14020,27791,3228,14261,27117,911,22484,12977,28653,23284,16540,20536,23774,26288,7061,6571,22280,2963,2452,29203,25372,26523,21110
9592500 7868,2683,27791,11080,155
8195000 7868,2683,8689,14261,18024,11080,911,12285,12977,21865,15138,16463,12220,18736,679,26288,14153,6571,22280
6619500 7868,8689,3627,26722,21110
11737250 6988,599,23273,19453,17275
4658500 7868,2683,14020,3228,14261,12168,11080,18075,11679,18990,16463,12220,12394,679,24196,26614,7096,29203,27625,25372,21110
7322250 4949,11176,2367,11679,23861
11129250 7868,2683,8689,3627,14261
9215000 7868,11196,14020,18075,554
5143250 8689,14020,18024,18730,14153,26614,25372,10014,10702,26619,21110,25086,23549,2198,9563,29547,20551,14294,8027,14482,8278,26394,28641,9549,22313,7542,23475,20661,8965,11465,6880,3555
9438000 8689,15019,11679,16463,12220
5726500 7868,14020,4949,11080,11176
7060500 7868,504,4949,11080,12977
139000 679,24358
4447000 7868,3627,155,12352,4078
1025250 18990,29203,17945,13247,17153
8822250 18024,21110,16821,18013,4578
1727500 7868,3228,4452,21110,9563
12229000 7868,2257,21865,17389,14048
8799750 7868,11196,2683,3627,14261,18024,2257,11080,12285,7105,12977,11679,12220,18805,4571,679,18730,22393
9512750 7868,3228,14261,11080,21865,16463,28924,20297,23779
3675000 8637,2367,18805,9563,16722
5239500 8689,29099,11080,7105,23284
1459750 2683,14020,554,12220,21110
9212500 22280,25372,26619,21110,18002
7002750 7868,28653,18990,16540,15584
472000 26722,11176,25333,12352,2963,29203,25372,29547,14580,25618,7692
4257000 7868,11196,3228,26722,4949
8435250 7868,11196,27791,3228,14261,18024,15019,4949,2257,11080,11176,7105,12977,11679,16540,679,18730,24869,22393,16110,949,21110,5043,2610,13592,9567,143,7230,23896
83250 4220,18180,26614,2963,12606
7830250 554,18805,21336,25372,8278
3168000 19742,2240,20417
5745000 26722,2257,11080,4571,18730
8314250 11196,3228,14261,4949,11080,12285,12977,28653,16540,18805,24196,18730,24869,14265,2610,13592,9567,25260,9620,6352
2676250 18805,5267,9258,740,6379
10818500 7868,11196,2683,14020,29099,14261,2257,11080,911,12285,7105,12977,18990,23779,16540,4571,26288,18730,24869,22393,5185,5848,22749
8243500 11196,8689,29099,4949,18075,11176,155,12352,12220,24869,24193,949,23549,21838,9195,4931,17945
3096750 11196,3228,15315,29203,4078
5440500 11080,8637,18730,21336,5043
1114000 8628,2826,25960,4731,14818
7494250 2199,9588,7577,509,3150
19500 7868,14020,14261,4949,2257,11080,11176,11679,16463,18730
2752000 7868,8689,3627,27791,14261,18024,26722,911,11176,7105,12977,20979,21865,2367,11679,18805,28270,18730,28481,3032,24669,11022,5043,24541,14580,25618
8248750 12394,29203,10893,13020,8628
6694750 7868,8689,14020,3627,3228,14261,18024,26722,4949,2257,11080,8637,18075,11176,12977,2367,16406,12352,12220,12394,18805,4571,679,15315,24196,18730,14902,22393,3151,25372,21110,10893,25086,21092,13592,29547,251,21838,13020,22359,21672,16818,9620,26546,18741,9472,14969,28641,17214,21067,17606,1461,11052,17835,5053,14048,12754,11767,7248,23475
11984750 7868,2683,8689,14020,3627,14261,12168,18024,26722,2257,11080,911,11176,7105,12977,2367,28653,12352,18805,4571,679,15315,18730
5539250 7868,8689,18075,155,12220
3215500 11679,12220,29203,22583,27637
10119250 7868,27791,14261,2257,2367
9437500 2683,12168,4949,11176,28017
11939000 11196,3228,2257,11080,7105
1953250 2683,14020,3627,14261,18024,26722,4949,2257,11080,8637,12977,20979,3658,18990,12352,12394,16110,10014,23656,2610,251
10229250 8689,3627,15019,26722,4949,11176,23628
11141500 21657,23475,2945,5464,16079
711500 8689,26722,11052,4709,11578
6301250 7868,8689,14020,27791,8637,554,16463,12352,20536,18730,22393,239,15584,3032,11022,23656,21092,5336,29547,14942,18712,9817,25366
764000 18990,2963,4324,7208,25618
3288750 5429,6665,17181,3937,13518
5061750 599,2971,27467
10257500 10893,22556,7577,29284,29001
965500 20297,26288,2963,7208,18712
3742000 7868,14020,27791,29099,26722,2257,8637,20979,21865,28924,18805,4571,7061,24601,83,5185,25372,26523,21110,23656,25086,9563,5336,5086,29547,19891,16722,143,13784,13020
10713250 21865,16463,7061,24869,29203
4547500 7868,3228,29099,14261,2257
6849750 14020,3228,29099,11080,18075,12285,7105,11679,15138,28924,12220,4571,23928,24196,18730,25372,5848,15584,14580,4078,19394
82250 11080,18697,4300,26605,4763
6258500 3627,18805,12068,14902,21672
6904000 8689,9111,19974,12606,26546
393250 7868,3228,29099,26722,4949
2132250 8628,1831,14159,27390,743
1806750 16463,12394,22126,26619,29547
7286500 19328,4605
4189500 3627,3850,14533,10329,9165
3781500 7868,4949,911,679,15315
5899750 7105,21865,11679,12220,18730
8529750 7868,8689,14020,3228,11080,911,18075,15138,12352,12220,12394,4571,23928
4620000 29203,21110,4078,15934,18275
9163000 7868,8689,3228,14261,4949,2257,11080,11176,12285,16463,12394,679,24601
887750 29099,14261,15019,4949,11080,28653,16406,28270
10619000 2683,4949,12352,29547,251
2078000 7868,14020,27791,3228,14261,18024,11080,12977,28270,679,26288,18730,24601,22280,14902
2968250 8689,27791,15019,8637,15138,16463
10234000 14020,27791,29099,14261,18024,15019,8637,22484,12285,20979,28653,9111,18805,23928,26288,24601,24869,10014,5848,22749,15584,3032,26619,21110,25086,9563,2610,21092,5086,16722,143,10970,4078,18712,7323,20551,1731,25570,17945,11790,3719,3324,28463,4039,21657,21372,18167,28975,21565,19615,17060,23214,4691,3740,21995,7465,3626,19416,16846,11524,7037,2655,24385,24306,11329,7456,26665,21693,18275,14242,13878,1293,9340,26789,11849,10176,849,4953,29265,26298,21593,17449,1666,10584,25424,19402,15192
4195500 27791,155,12285,26288,15315,6571,22246
1724250 7868,11196,14020,27791,3228,26722,2257,12977,18990,12394,27638,22749,10893,17748,9567,5086,24541,25415,12055
2975500 7868,11196,2683,8689,14020,3228,14261,26722,4949,11080,11176,7105,12977,21865,16406,12352,12220,4571,18730,14153,14902,2963,22393,7096,16110,25329,2198,13592
11613500 7868,14261,26722,2257,7105
6807250 7868,11196,3627,27791,3228,14261,8637,7105,12352,9111,18805,4571,679,24196,14153,22280,2963,22393,7096,29203,28481
747500 12606,25917,5210
4421250 2257,11080,7105,16110,21672
12388250 11196,29099,11176,21865,2367
5959000 2683,8689,27791,29099,26722,2257,155,15138,16463,12352,18805,28270,679,24601,14153,6571,21336,29203
11121500 20297,12394,24601,10893,7323
11947000 7868,2683,14020,14261,12168,11080,20536,679,15315,7323,527,4281,24886,1758,6104,23482,9549,17959,27155,12162,14159,11776,25933,3390,13103,8719
5769750 3228,2257,12220,18805,15315,26614,15631,21110,24503,143,14294,16818,22556,9620,6352
11158000 7868,14020,27791,3228,29099,14261,18024,11080,8637,7105,12977,23779,18805,4571,26288,24196,18730,14902
9694750 8689,14020,27791,11080,911,15138,18805
4059500 7868,11196,14020,29099,14261
2198750 14020,2367,12220,12394,21110
10393750 7868,2683,504,11080,2610
3524750 18805,27625,23549,251,24541
2988000 14020,20297,12220,12394,25372
1338750 3228,29099,12168,11080,7105,12977,12352,4571
1622500 7868,11196,8689,14020,3627,3228,14261,18024,26722,4949,2257,11080,11176,12285,21865,18990,15138,28924,23779,16540,18805,4571,679,18730,14153,24869,22393,22749,15584,13390
3892750 15138,13020,5429,22204,3937
5948500 25372,21110,15159,17771,26883
8149250 7868,11196,14020,3228,14261,4949,2257,18075,11176,20979,2367,11679,15138,16406,12220,18805,4571,679,18730,22280,3151,7096,15631,25329,15584,11022,2610
3363000 3627,29099,27117,2257,11176
7785250 7868,23928,20551,11790,21657
10052000 14020,16463,22280,5883,25372,22126
1812000 7868,11196,14020,3228,26722
12142750 2683,29099,14261,15019,26722
8070000 29099,18024,11080,21838,14294
2033500 7868,8689,3627,3228,29099,14261,18024,4949,11080,18075,11176,12977,11679,18990,12352,12220,16540,18805,4571,28270,4452,14153,22280,24869,16110,5185,949,5043,2610,24541,21838,14580,25618,18712
9973000 10970,25260,23475,5429,7624
8346250 12285,4571,2963,10014,16939
10774750 7868,8689,3627,27791,18024
10309250 27791,29099,14261,18024,7105,679
6061250 7868,14261,15019,4949,11080,11176,16463,18805,679,26288,15315,18730,29203,949,21110,10893,29547,13020,22359,8628,4039,21067,21657
4025000 3627,18024,12220,4571,22583
5256500 7868,21838,11612,28463,614
2480750 14020,20979,23284,12394,24196
7269250 8689,27791,8637,18730,5848
3304500 7868,8689,29099,12168,11080,23628,16540,679,26288,28017,24461,25169,21110,11022,18002,4324,25415,4931,14294,1392,6352,13554,3804,17228,9549,6158,3850,2471,18575,11776,10329,15065,11328,5081,17512,26114,1533,4807,21693,14065
1966250 11196,2683,8689,3627,3228,29099
2148250 10014,21110,12606,14294,6868
4073250 7868,11080,911,13592,21672
10224750 21865,11679,4571,22280,21336
3310750 8689,14020,3627,27791,29099,26722,4949,11176,2367,12220,23774
11631250 2963,12606,5598,22482,15065
5110750 14020,14261,11176,554,12977
8385000 504,23284,16463,9111,21110
10840750 8689,14020,27791,29099,18024
746000 155,7105,21865,26288,6571
599750 7868,14261,12168,11080,11176,155,12285,7105,12977,23284
1449250 14261
4921000 8689,27791,14261,18024,15019,18990,4571,24601,2963,5848
4716750 2683,18805,2963,22126,3032
5407750 29099,14261,4949,2257,11080,911,155,12285,18805,4571,26288,15315,18730,25372,5848,15584
8280500 25372,17972,16674,19,3534
1688750 14020,554,16463,12220,12394
11949750 11080,12977,6571,2963,21110,2198
3734250 16540,14694,22556,9829,5470
9839750 7868,2683,8689,21110,21838
11494250 11196,21865,12352,18805,143
8040000 7868,8689,14020,27791,3228,29099,14261,18024,26722,4949,2257,11080,22484,11176,12285,7105,12977,20979,15138,16406,23779,12352,18805,4571,26288,18730,14902,22393,2452,29203,27205,25372,239,10702,26523,3032,26619,13390,25086,9563,5043,13592,12541,24541,24503,4078,8257,16818,25570,9620,6246,3719,20180,9472,21840,14969,1335,6672,4281,25596,17400,11052,10999,22094,21657,20300,11018,9549,3458,21883,14048,24081,23475,21565,17959,15018,29445,17060,2999,23662,20154,14159,10329,8792,2568,15934,10840,10646,1037,6880,29224,28391,16624,13888,8842,3185,19416,18996,17084,9906,8719,7552,2826,2655,26114,24385,20803,178,15159,9912,5797,4775,4762,4731,4644,3983,28621,19466,18275,14917,9340,5429,4578,29084,23826,22547,11849,8483,8049,29213,23251,19179,18072,17405,10151,7004,29551,28504,27060,25500,23538,23285,2227,2173,21659,21238
984500 7868,2683,8689,3627,27791,29099,26722
861250 12977,16540,18730,6571,29203
8096750 7868,11196,8689,27791,3228,4949,18075,11176,554,7105,23628,11679,15138,16463,12220,16540,4571,679,26288,24196,18730,22280,22393
10057000 27625,239,21110,25420,6839
8271000 14482,6104,11280,7356,516
439000 7868,14020,3228,14261,26722,2257,11080,7105,679,14902,7096,2198,9567,29547,14580,25415,4254,241,20180,28463,6104,21657,16821,1481,10726,953,6096,15934,12287,28410,3390,25687,8719,6148,27511,26114,1591,11329,27508,26404,18275,647,24486,24060,20146,10171,10151,6828,23421,10916,8978,3362,29095,28669,26608
8649250 18024,28653,16540,6571,29203
6003750 7868,11196,14020,3228,29099,14261,4949,2257,11080,8637,11176,12285,23628,11679,16540,26288,18730,24869,2452,27625,25372,22749,15584,23549,2610,21092,9567,28411,16818,1335,21067,23013,16821,5053,10726,530,15018,27155,25488,20661,2033,19421
12234750 3627,27117,11080,21865,18990,26614,24869,29203,25372,22126,10702,949,21110,10893,251,14580,13020,12606
10799000 14533,13240,4313,19026
2891500 8689,3627,26722,4949,2257,8637,11176,8724,21110,25086,14580,2513,8027,11052,28370,255,3047,9486,26127,19814,819,29490,13240,12175,7467
7143250 18024,8637,23628,23779,26288,24869,29203,5848,22749,10702,3032,15799,19891,13784,18741,14482,23896,22087,11543,6672,5598,28641,28752,11330,2669,14048,24281,25488,21975,10404,12674,23214,217,1773,11060,13103,7613,28985,2771,26114
2733500 29203,25260,22094,20902,24344
3295250 12285,15534,21490
11894500 14020,15138,16110,26619,3740
11220500 3627,12285,23549,21092,28411
5697750 27791,2367,21110,476,23273
1934750 7868,11196,14020,11080,11176
3350250 504,21865,12220,12394,18736,13390,9985,25420,21975,19615
892500 7868,8689,14020,3627,3228,29099,18024,15019,4949,8637,12285,12977,21865,12688,20297,12352,18805,4571,24601,22280,24869,16110,27625,239,25329,15584,949,25169,21092,9567,5086,21838,14580,143,19394,7323,1731,16939,3313,16818,25260,22556,17945,6352,26546,18741,13247,9472,8278,6672,4281,28641,24886,10948,28752,9657,2669,7963,7812,1831,29465,25488,8965,6621,23662,12674,25933,15934,10840
776750 3627,27791,3228,29099,14261,26722,4949,2257,11080,911,11176,12285,12977,16463,12352,12220,18736,679,8409,7061,18730,12068,14153,2963,24869,22393,16110,22749,15584,3032,25086,21092,13592,251,7208,13020,527,22359,16939,18741,8278,3804,22179,26699,21657,9549
1767500 8689,11080,12285,12977,2963
6571000 14261,21865,12220,18805,4571,679,22393,22749,4254,17945,11790,6352,18879,17835,4960
10588000 11196,14020,15138,24196,17835
8160750 11196,16406,25169,25618,5067
10185750 2257,911,3438,8805,5151
11923000 8689,3228,14261,2367,18730
5642000 7868,29099,4949,2257,11080,11176,7105,22552,11679,12352,12220,16540,18805,4571,679,18730,7096,29203,22126,25329,21110,9563,5086,29547,251,143,9985,14294,21672,16818,25570,25260,18741,17640,8278,28641,19973,15423
6247250 14261,18024,4949,11080,18075,11176,16540,18805,4571,23928,679,24869,22393,7096,27205
1459000 12977,12220,26614,14694,25372
5465250 21865,15138,21110,26114,24307
8215250 8689,14020,14261,25372,25329
5915250 2367,15138,21110,4324,14242
5987000 25596,27060,9120,26034,19673
6852750 27791,4949,12285,18180,16540
8861500 2826,7389,29377,25656,23381
11972750 15631,7260,7071,17972,7936
10539250 14020,16406,4220,28017,27625
8628250 7868,3627,27791,14261,18024,11080,8637,554,20979,18180
5901250 3228,14261,11176,7105,12977
6497000 20902,20747,647,7927,9487
725000 7868,29099,26722,2257,12394
2428500 2683,26722,22484,18990,26288
11711250 14020,2963,5848,22749,8693,28411,23861,1392
2807500 11196,18024,504,27117,16463,12688,28924,12394,18805,4571,22280,24869,29203,25372,10014,21110,24541,14580,12606,2513,9620,6352,18741,13247,28641,5799,23482,21372,7963,1831,21565,25917,7409,3047,25193,23214,12271,10840,7465,7179,3384,7552,2826
11527500 14020,27791,18024,911,8637
10312750 7868,8689,3627,4949,2257,2367,12352,18805,4571,18730,16110,5185,25372,21110,9563,29547,24503
4392000 14020,4949,11176,2610,21838
6921750 7868,504,21865,2367,28653
5440750 7868,12168,4949,911,19862,12394,2963,25372,21110,20045,25260,13247,3804
11503250 504,26722,11080,18805,23143
4215750 7868,11196,8689,3228,29099,14261,2257,11080,911,8637,11176,12285,7105,12977,11679,18990,15138,20297,12352,18805,4571,23928,15315,18730,24601,6571,2963,22393,7096,16110,25372,5848,949,3032,26619,21110,24669,2198,9563,5043,21092,13592,9567,24541,7208,21838,16722,14580,28411,25618,2513,1392,5067,9620,20180,18741,7230,8628,6672,4281,28641,17706,7260,21067,14796,6104,23013,17835,26728,15831,14415,11431,6096,15390,749,29445,25488,20661,12431,23662,14533,12674,1773,15065,11465,11280,11060,1037,5845,4691,28391,8842,7827,7560,28164,26618,19416,13093,5661,2655,26114,24385,24306,20803,15302,11329,6548,5863,528,4775
11683250 7868,29099,12977,24196,18730
6067750 29099,7105,23698,24447,9946
5994250 7105,15138,18180,679,22393
7184500 7868,27791,3228,14261,26722,11080,8637,12977,21865,16540,18805,4571,12068,21336,24869,16110,5185,10702,2198,24541,527
9651250 2257,11080,12220,18805,679
8848250 22393,29203,25372,22749,29547
6900500 20578,4078,29473,21659,6805
8033500 7868,14020,28653,12220,18180,24869,21110,18002,2198,13592,14580,16939
7893250 11080,18075,679,21110,7208
10979500 25372
1047000 21110,7954,5012,25770,18095
4625750 7868,8689,29099,26722,11080,11176,554,12285,23628,16406,16540,18805,4571,679,26288,24869,3151,25372,22126,5848,22749,949,19974,13390,25086,13592,29547,16939,14294,25366
7703750 7868,11196,14020,26722,2257,18075,11176,155,554,12285,23284,11679,12220,16540,12394,4571,679,24196,18730,22393,29203,27625
1620500 15138,23735,5833,5856,7624
11032250 3627,28653,2963,28411,18879
799000 8689,27791,29099,26722,8637,12285,23779,20536,18730,24601,21336,14902,27205,22749
4533750 22126,21110,13592,25420,9657
10069500 7868,14261,2257,8637,4571
6634500 398,27448,9454,6981,688
3149000 8689,14261,2257,12220,18805
5012750 7868,11196,14020,3627,27791,29099,14261,4949,8637,6571
10927500 14580,27191,12610,5821,27785
9394500 29099,14261,26722,911,16540,4571,7096,21110
2316250 8689,14020,29099,14261,12977,18180,18805,4571,679,26288,4452
1528500 7868,8689,3627,14261,18075,7105,20979,18736,679,23774,24196,18730,12068,6571,22280,22393,7096,5848,22749,3032,2198,21092,12541,13020,7692,26546,18879
5742000 13020,25415,19523,6104,9549,26728,14048,29465,16716,27415,24929,14661,12287,2655,4775,25830,14065,11849,10176,29473,18697,10151,27060,24969,9471,25248,22307,20668,20206
2557000 7868,7105,18805,4571,24541
2006000 25372,21838,17060,15534,8122
5751500 3228,911,11176,12977,11679,23928,15315,14153,24869,22393
203750 2655
8072250 11196,14020,29099,12977,16406,22280,25372
11751000 21110,10404,28985,16564,19431
6523250 11196,14020,12285,7105,16406
6848750 8689,26722,21336,14694,12606,5598,10948,2669,18388,15365,7070,4307,3555
3257000 7868,8689,27791,3228,4949
10592750 7868,8689,3228,18024,911
11283500 2683,12220,21110,11018,8943
47000 4452,23549,5336,2999,4510
10642000 7868,8689,3627,3228,18024,26722,4949,2257,911,8637,11176,155,7105,23628,2367,15138,20536,679,15315,21336,24869,22393,16110,27625,3032,21110,23656,21092,12541,251,14580,4078,2513,7323,8257,25570,20180,18868
2476250 23779,18805,21110,29547,21067
4004500 2683,14261,4949,554,21865
10063000 8689,2257,18805,679,18730
8573000 7868,8689,14020,3627,14261,11080,12977,12352,16540,18805
1641000 24565
5655250 7868,11196,2683,8689,14020,3228,29099,14261,18024,4949,2257,11080,911,8637,11176,7105,12977,21865,11679,16406,23779,16540,18805,4571,22280,22393,29203,16110,239,25169,21110,9563,13592,9567,5336,24541
9513250 7868,3627,27791,29099,18024,26722,4949,2257,11080,911,23628,2367,18805,23928,7061,18730,12068,2963,24869,15584,29547,21838,9195,12055,23861,22359
6250250 12541,4078,6246,4039,16564
9906500 7868,8689,3627,29099,14261,26722,11080,8637,155,15138,23779,12352,12220,12394,18805
7699500 7868,11196,2683,8689,14020,3627,3228,29099,14261,26722,4949,11080,18075,12285,7105,12977,11679,16406,18805,23928,679,26288,15315,18730,22280,22393,16110,25372,5848,15584,949,26619,13592,29547,7323,21672,17945,9802,6672,28463,22317,19973,21067,11052
7588000 29099,14261,4949,2257,11176,155,7105,12977,20979,28653,12352,4452
8940500 7868,11196,2683,14020,3228,14261,12168,26722,4949,2257,11080,911,11176,7105,12977,11679
12331000 18180,26614,25372,10014,9563,13247
11747250 7868,8689,3627,29099,14261,15019,11080,155,12285,28653
2168250 7868,8689,11080,28653,23284,11679,15138,18805
5287000 12394,27514,2410,18196,7360
12154500 7868,2683,8689,3627,27791,3228,29099,14261,26722,4949,2257,11080,18075,11176,155,7105,15138,16406,28924,20297,12352,12220,16540,4571,679,15315,22280,21336,15631,949,29547,251,21838,14580,13020,4078,21672,20180,17640,26394,19197,8628,4281,19973,17214,1758,21657,20300,9549,28184,1481,12747,11767,19993,15018,25488,24929,19421,28065,11776,8792,3047,2568,15934,11328,6880,28410,3185,12159,27407,26114,1591,15302,15086,14894,28621,14065,5469,5267,5015,20411,10176,7611,647,21911,2179,19574,15089,13240,10151,8676,24978,15672,12933,12475,12358,9804,9471,4366,28347
5155750 3228,29099,14261,18024,27117,18075,11176,155,7105,12977,20297,16540,18805
1629250 7868,27791,29099,18024,26722,20979,11679,15138,12220,19862,12394
6299000 7868,11080,18730,16818,1831
2823250 8689,9111,7096,25329,2610
8617500 14020,12220,18805,4571,28270,27625,26619,21110
12004000 16463,16540,25372,22126,21110
11687000 8689,431,27400,23685,20359
6571750 7868,155,16540,4571,14580
2688750 7868,14261,11176,155,12285
11300000 8689,18024,11176,11679,4571
7383000 7868,27791,25372,21838,7611
7476250 29099,14261,15019,4949,911,7105,21865,28653
6564500 7868,11196,14020,3627,29099,14261,26722,4949,2257,11080,11176,155,12285,7105,12977,11679,16406,12220,12394,18805,4571,679,15315,18730,22280,14902,22393,16110,25329,949,17748,5086,251,143,19394,527,14294,21672,241,17945,11790,8278,11612,19973,22179,17606,14796,21657,19632,6096,4059,23475,23143,2033,23662,13494,10329,4709,26576,25272,12271,11328,6880,28410,28391
11612500 14020,27791,18024,18075,12285,18990,15138,16463,12220,12394
5999000 26871,20630,24590,2993,26270
8745250 8689,679,5848,24541,143
4922750 7868,18024,11080,15138,12394,22393,9563,21092,29547,14580
9946250 155,21865,20297,26619,21110
3787750 7096,2610,26969,20386,19005
7657250 3228,4452,14153,7997,10268
4963500 2683,7105,21865,22280,24869
1724000 7868,3228,29099,12168,18024
4880250 3228,22484,7105,16463,20297
3954500 26288,15584,23549,9567,29547
1118250 4949,2257,11176,20979,23284,20297,4571,679,7061,12068,24601,14902,24869,15584,21110,13592,24541,7208,10970,18712,4254,14294,25260,22556,3719,8278
1365000 679,14580,14796,11018,9549
4902250 7868,27791,23628,23284,18805,4571,18730
5467250 12220,12394,679,24196,25372
7918750 7868,18805,22246,949,13592
1904750 22484,12220,23928,21110,26546
252500 18805,23656,23549,12541,29547
12173500 8689,3627,554,679,21110,9817,16331,15405,28370,28184,18167
4133750 26722,15138,16463,29203,27638,25372,21110,10893,14580,13020,8628,1461,27637
11078500 18024,554,18805,14153,22393
6412250 25372,21110,7260,20902,9486
3846250 11196,26722,2257,11679,12352,12220,18805,25372,15584
3010000 4220,25372,5598,13975,21201
3312500 11196,3228,7105,24196,22280
10185000 7868,11196,8689,21672,6104
236000 27791,911,8637,15138,16406
6015000 3228,4949,11080,8637,21865
10261750 8689,3627,3228,29099,14261,18024,911,12285,7105,23628,28653,11679,23779,12220,18805,4571,28270,21336,21092,24541,19394,20551,25366,8278,7230,23896,16331,21657,17061,15831,17060,6621,20826,14533,3438,23214,15065,5845,13888,476,14894,27508
5226250 8689,14020,3228,2257,911,18075,12977,21865,14902,24669,7208
6458500 27791,8637,29473,28453,14887
12239250 7868,14020,14261,18075,26288,24869,5848,949,26619,21092,21838,10970,25618,14294,25570
11362000 7868,18990,2963,22749,8693
1855750 7868,14261,7105,9651,743
6848000 11196,911,12977,4571,26288
12015250 11080,23604,14806
10816000 20747
791500 3627,3228,911,12285,11679,20297,3151,5336,5086
6780500 29099,14261,12977,4571,15584
12337750 554,16463,6571,25372,15584
11957000 7868,8689,14020,14261,4949,12977,20979,3658,12394,26288,15315,28017,24601,2963,22749,21092
9199500 7868,3228,29099,7105,29203
8216750 7868,26722,12285,12977,23928
39750 5403,4896,27817,24848,19142
1173500 27791,15019,16463,23928,18736,679,24601,14153,24869,28481,10014,5848,10702,26619,21110,23656,25086,24541,7208,13020,8257,22556,26546,7997,5598,28463,7248,25488,27092,14930
5238000 2683,29099,14261,26722,2257,11080,8637,18075,12977,3658,15138,16406,12352,4571
7483500 3228,18024,11080,554,7105
2492500 7868,27791,504,8637,20979,18736,5848,13020,16939,13554,25420,21146,2033,19421,2437,10840
1906000 2683,8689,12285,11679,16463,12220,16540,26288,24601,5185,25372,22126,22749,15584,21110,9567,13244,22583,17835
11734000 7868,29099,14261,20297,18805
8049000 2683,15019,2257,20979,23779,12352,23774,27638,5848,22749,21092,14294,5067,11790,26546,7997,19973
11535500 11196
3590000 12285,28924,9111,5086,4078
6713250 2683,14020,14261,2367,12352,18805,4571,24196,27625,5185,949,13592,24541,14580,143
42000 18024,554,12285,20979,23284,20297
6872750 7868,14020,18024,21838,16722
7715000 7868,4949,11080,11176,21865,4571,20536,679,21110,18002
745750 3627,3228,29099,14261,504,4949,7105,12977,11679
154500 2683,8689,3627,3228,12168,4949,2257,11080,11176,155,12977,23628,11679,12352,12220,18805,4571,26288,18730,2963,29203,16110,5185,21110,5086,251,7208,14580,22556,9620
9278500 26546,8965,8943,24307,7847
10609250 14261,12285,20979,16463,18180
4399750 2683,8689,679,21110,23207
7976750 3228,29099,504,21865,12352
8757750 18024,23928,26288,24601,1481
64000 11080,554,21865,15138,12394
10095000 7868,3627,3228,29099,14261,27117
11936000 26722,21865,28924,12352,22749
2364500 11080,21865,4571,24503,9620
7898750 7868,2683,3228,4949,11176
10715500 21110,22029,2655,6820
448250 15911,24780,18196,6868,11029
8111500 7868,2683,14020,14261,26722,2257,11080,12285
11625250 12285,18990,28017,21565,3740
4259500 7868,29099,18024,15019,26722,4949,11080,11176,12977
12015000 12285,15138,16463,29203,21838
11558000 14020,11679,9111,29203,25372
969750 14020,2367,23284,6571,2963
10966250 7868,8689,4949,11176,12285
7269750 16540,16939,20902,19475,13354
8508750 21110,4694,6290
6257000 12285,23628,11679,16540,25372
4256000 3627,27791,911,12977,11679,20297,23928,26288,14153,24869,10014
5962750 2683,3228,11080,554,7105
371250 29203,21110,7680,3804,25596
11794250 7868,29099,28653,11679,28924
7345250 8689,22484,28270,23656,11201
10492250 7868,8689,14020,3228,29099,18024,26722,4949,11080,911,8637,18075,11176,12285,7105,12977,21865,4220,12352,12220,12394,18805,4571,18736,679,24196,18730,24601,22280,21336,22393,2452,25372,949,19974,23549,9563,13592,5336,251,143,12606,19394,20045,16939,25260,11790,6246,8278,26394,6672,19973,28752,25596,9657,21372,7812,26728,12747,11767,11431,6096,530,22482,21565,11857,25917,25488,10404,4479,2999,28065,23662,20154,12674,28662,25933,25193
2187500 23628,2963,29203,4324,7208
3288250 7868,8689,14261,18024,911,11176,12977,12352
2940000 7868,2683,12168,26722,4949,2257,11080,911,7105,12977,12220,679,18730,25329,29547,21838,14580,21672,25260,20180,18868,11052,11767,17959,27155,25488,23662,15934,28410,5896,3390,1591,8816,4775,9899,29084,647,29490,24519,24486,20470,18072,10171,8978,646,3362,29095,28059,26754,18835,16550,14011,11793,11272,4125,3536,28675,21501,19514,1788,15874,12346,8996,28710,28369,215,15935,11029,8603,23793,15032,13450,1337,9952,9838,9639,9582,9381,9284,9087,904,8993,8964,8737,8457,8087,7685,7446,7075,7047
3410000 18990,16463,18736,21758,20695
8216500 7868,8689,14020,27791,3228,14261,26722,2257,11080,11176,554,12285,7105,22552,15138,16540,12394,4571,26288,18730,24869,22393,29203,28481,25329,21110,16722,14580,13020,4078,18712,3719,19197,4281,17214,25420,26699,15405,29446,21071
2076000 7868,18024,26722,11080,2367
6155250 14020,155,15138,16463,4220,18180,2963,3151,7096,29203,10014,25329,22749,2610,25366
9394250 11196,3228,29099,18024,8637,12285,7105,11679,16463,23779,16540,24601,21336,22393,29203
4631250 7868,3228,29099,2257,11176
3799500 15584,21838,21768,8739,6539
5293250 7868,8689,11679,12220,4571,679,14902,24193,29547
1086750 7868,2683,14261,26722,4949,11080,679,949,13592,29547,24541,13020,21672,25260,9620,11052,16821,9549,8860,1831,1481,18977,14533,15934
5261000 11196,8689,14020,11080,21865,12394,679
9352750 2683,18075,12977,24196,5848
4886500 14020,12285,18805,21110,21092
7003500 11196,27791,29099,14261,8637
4501000 970
5052000 7868,2683,12220,24869,3047
3511000 14020,12394,15315,24196,7096
9173750 7868,11196,14020,3627,29099,14261,4949,11080,11176,7105,11679,16406,23779,16540,18805,4571
3861500 7868,4949,11080,28270,679
1838750 3228,8637,21110,16818,5799
8949750 3228,7105,143,14294,16818
4118250 11196,3228,15138,5185,19891
7787500 1831,19217,22889,17771,16009
8051750 7868,14020,29099,2257,18075
11313000 7868,11196,14020,27791,3228,504,11080,8637,18075,7105,12977,21865,28653,11679,16406,12394,18805,18736,7061,28017,22280,24869,16110,27625,5185,22749,949,19974
